0.000004  0.000004  0.000004  0.999975  0.000004  0.000004  0.000004
0.000004  0.105158  0.000004  0.814358  0.000004  0.080468  0.000004
0.000004  0.000004  0.000004  0.999975  0.000004  0.000004  0.000004
0.000004  0.000004  0.000004  0.999974  0.000004  0.000004  0.000004
0.000005  0.000005  0.000005  0.999973  0.000005  0.000005  0.000005
0.000004  0.070379  0.000004  0.906622  0.000004  0.022983  0.000004
0.000004  0.000004  0.000004  0.999975  0.000004  0.000004  0.000004
0.000004  0.000004  0.000004  0.999975  0.000004  0.000004  0.000004
0.000005  0.000005  0.000005  0.999972  0.000005  0.000005  0.000005
0.000004  0.473459  0.000004  0.000004  0.526521  0.000004  0.000004
0.098814  0.384008  0.000004  0.313544  0.000004  0.203621  0.000004
0.000004  0.000004  0.000004  0.999973  0.000004  0.000004  0.000004
0.454856  0.000005  0.462845  0.000005  0.082279  0.000005  0.000005
0.000004  0.719481  0.000004  0.211527  0.000004  0.068975  0.000004
0.190357  0.044592  0.213952  0.000004  0.356295  0.194795  0.000004
0.000004  0.000004  0.000004  0.000004  0.999974  0.000004  0.000004
0.065765  0.000004  0.000004  0.027132  0.000004  0.904344  0.002747
0.363760  0.000004  0.257107  0.000004  0.000004  0.205885  0.173235
0.000004  0.000004  0.000004  0.123840  0.000004  0.876138  0.000004
0.000004  0.000004  0.000004  0.000004  0.000004  0.999974  0.000004
0.000004  0.030535  0.000004  0.000004  0.000004  0.969445  0.000004
0.999975  0.000004  0.000004  0.000004  0.000004  0.000004  0.000004
0.999975  0.000004  0.000004  0.000004  0.000004  0.000004  0.000004
0.999975  0.000004  0.000004  0.000004  0.000004  0.000004  0.000004
0.822041  0.000004  0.125568  0.000004  0.000004  0.000004  0.052374
0.000004  0.000004  0.000004  0.099049  0.000004  0.900931  0.000004
0.074176  0.000004  0.069316  0.000004  0.000004  0.819429  0.037066
0.401019  0.000004  0.321493  0.000004  0.027384  0.155189  0.094907
0.078995  0.000004  0.033984  0.000004  0.000004  0.837575  0.049433
0.811302  0.000004  0.089492  0.000004  0.000004  0.015664  0.083530
0.145855  0.000004  0.043604  0.000004  0.000004  0.810524  0.000004
0.000004  0.000004  0.000004  0.215808  0.000004  0.784172  0.000004
0.000004  0.000004  0.000004  0.167515  0.000004  0.832464  0.000004
0.084637  0.000004  0.033726  0.000004  0.000004  0.842995  0.038630
0.385602  0.000004  0.236788  0.000004  0.000004  0.163226  0.214372
0.999975  0.000004  0.000004  0.000004  0.000004  0.000004  0.000004
0.999976  0.000004  0.000004  0.000004  0.000004  0.000004  0.000004
0.793247  0.000004  0.062805  0.000004  0.000004  0.027188  0.116748
0.067321  0.000004  0.016134  0.000004  0.000004  0.916529  0.000004
0.317990  0.000004  0.344212  0.000004  0.000004  0.184479  0.153306
0.999973  0.000004  0.000004  0.000004  0.000004  0.000004  0.000004
0.999976  0.000004  0.000004  0.000004  0.000004  0.000004  0.000004
0.908228  0.000004  0.066588  0.000004  0.000004  0.000004  0.025166
0.999975  0.000004  0.000004  0.000004  0.000004  0.000004  0.000004
0.950503  0.049476  0.000004  0.000004  0.000004  0.000004  0.000004
0.116351  0.000004  0.009328  0.000004  0.000004  0.874305  0.000004
0.000004  0.004239  0.000004  0.000004  0.000004  0.995741  0.000004
0.000004  0.075929  0.000004  0.000004  0.000004  0.924050  0.000004
0.000004  0.000004  0.000004  0.000004  0.000004  0.999976  0.000004
0.000004  0.075081  0.000004  0.000004  0.000004  0.924898  0.000004
0.395346  0.000004  0.244196  0.000004  0.000004  0.173211  0.187234
0.389244  0.000004  0.179005  0.005160  0.000004  0.219594  0.206988
0.112781  0.000004  0.033201  0.000004  0.000004  0.854001  0.000004
0.999974  0.000004  0.000004  0.000004  0.000004  0.000004  0.000004
0.095014  0.000004  0.079440  0.000004  0.000004  0.825529  0.000004
0.073877  0.040326  0.028283  0.000004  0.000004  0.845506  0.011999
0.000004  0.000004  0.000004  0.252769  0.000004  0.747211  0.000004
0.694434  0.000004  0.125125  0.000004  0.000004  0.084943  0.095486
0.999975  0.000004  0.000004  0.000004  0.000004  0.000004  0.000004
0.000004  0.142636  0.000004  0.133854  0.000004  0.723494  0.000004
0.000004  0.000004  0.000004  0.000004  0.000004  0.999975  0.000004
0.316243  0.000004  0.305678  0.000004  0.000004  0.202511  0.175555
0.999974  0.000004  0.000004  0.000004  0.000004  0.000004  0.000004
0.005591  0.774570  0.000004  0.050963  0.000004  0.168863  0.000004
0.000004  0.821941  0.000004  0.178038  0.000004  0.000004  0.000004
0.000004  0.999974  0.000004  0.000004  0.000004  0.000004  0.000004
0.000004  0.000004  0.000004  0.999974  0.000004  0.000004  0.000004
0.000004  0.000004  0.000004  0.999975  0.000004  0.000004  0.000004
0.000004  0.380252  0.000004  0.619728  0.000004  0.000004  0.000004
0.000004  0.000004  0.000004  0.999976  0.000004  0.000004  0.000004
0.000004  0.171482  0.000004  0.751901  0.000004  0.076600  0.000004
0.000004  0.169671  0.000004  0.756448  0.000004  0.073865  0.000004
0.000004  0.266564  0.000004  0.672657  0.000004  0.060763  0.000004
0.000004  0.104952  0.000004  0.895027  0.000004  0.000004  0.000004
0.000004  0.497743  0.000004  0.502237  0.000004  0.000004  0.000004
0.000004  0.999974  0.000004  0.000004  0.000004  0.000004  0.000004
0.000004  0.353500  0.000004  0.646480  0.000004  0.000004  0.000004
0.000004  0.999974  0.000004  0.000004  0.000004  0.000004  0.000004
0.000004  0.999973  0.000004  0.000004  0.000004  0.000004  0.000004
0.000004  0.999974  0.000004  0.000004  0.000004  0.000004  0.000004
0.186998  0.741742  0.000005  0.071242  0.000005  0.000005  0.000005
0.000004  0.508642  0.000004  0.257286  0.000004  0.234054  0.000004
0.000004  0.906747  0.000004  0.093232  0.000004  0.000004  0.000004
0.000004  0.999973  0.000004  0.000004  0.000004  0.000004  0.000004
0.062390  0.637410  0.000004  0.128264  0.000004  0.171922  0.000004
0.000004  0.999973  0.000004  0.000004  0.000004  0.000004  0.000004
0.000004  0.999975  0.000004  0.000004  0.000004  0.000004  0.000004
0.000004  0.999975  0.000004  0.000004  0.000004  0.000004  0.000004
0.070586  0.581341  0.000004  0.325971  0.000004  0.022089  0.000004
0.000004  0.000004  0.000004  0.047554  0.000004  0.952423  0.000004
0.000004  0.438912  0.000004  0.561067  0.000004  0.000004  0.000004
0.000004  0.752192  0.000004  0.247787  0.000004  0.000004  0.000004
0.000005  0.000005  0.000005  0.999972  0.000005  0.000005  0.000005
0.000004  0.068176  0.000004  0.931801  0.000004  0.000004  0.000004
0.000005  0.460612  0.000005  0.539362  0.000005  0.000005  0.000005
0.000005  0.901906  0.000005  0.000005  0.000005  0.098071  0.000005
0.000005  0.000005  0.000005  0.000005  0.999969  0.000005  0.000005
0.000004  0.000004  0.000004  0.718054  0.281924  0.000004  0.000004
0.000005  0.092121  0.000005  0.296589  0.611271  0.000005  0.000005
0.000004  0.000004  0.000004  0.999973  0.000004  0.000004  0.000004
0.018177  0.320522  0.000005  0.575591  0.000005  0.085696  0.000005
0.000004  0.000004  0.000004  0.071430  0.000004  0.928548  0.000004
0.000005  0.676691  0.000005  0.153134  0.000005  0.170156  0.000005
0.000004  0.000149  0.000004  0.999829  0.000004  0.000004  0.000004
0.000004  0.139413  0.000004  0.860565  0.000004  0.000004  0.000004
0.000004  0.000004  0.000004  0.999974  0.000004  0.000004  0.000004
0.000005  0.400349  0.000005  0.599628  0.000005  0.000005  0.000005
0.000004  0.000004  0.000004  0.999974  0.000004  0.000004  0.000004
0.000004  0.439858  0.000004  0.312790  0.000004  0.247334  0.000004
0.040207  0.000004  0.105220  0.054710  0.000004  0.598221  0.201632
0.000004  0.036309  0.000004  0.093591  0.000004  0.870082  0.000004
0.000004  0.000004  0.000004  0.156465  0.000004  0.843514  0.000004
0.000004  0.000004  0.000004  0.999973  0.000004  0.000004  0.000004
0.513598  0.135373  0.207378  0.000005  0.016892  0.082324  0.044430
0.305174  0.000004  0.250675  0.000004  0.000004  0.202052  0.242086
0.303434  0.041712  0.252912  0.000004  0.000004  0.171158  0.230775
0.000004  0.000004  0.000004  0.999974  0.000004  0.000004  0.000004
0.000004  0.651725  0.000004  0.269660  0.000004  0.078599  0.000004
0.700129  0.000004  0.000004  0.299849  0.000004  0.000004  0.000004
0.000004  0.041358  0.000004  0.958620  0.000004  0.000004  0.000004
0.000004  0.067073  0.000004  0.932906  0.000004  0.000004  0.000004
0.000004  0.000004  0.000004  0.999975  0.000004  0.000004  0.000004
0.000004  0.665795  0.000004  0.048284  0.000004  0.285905  0.000004
0.000004  0.049451  0.000004  0.848666  0.000004  0.101867  0.000004
0.000005  0.547197  0.000005  0.331722  0.000005  0.121062  0.000005
0.000004  0.000004  0.000004  0.812797  0.000004  0.187181  0.000004
0.000005  0.267692  0.000005  0.613643  0.000005  0.118646  0.000005
0.000004  0.263654  0.000004  0.736325  0.000004  0.000004  0.000004
0.000004  0.797507  0.000004  0.202473  0.000004  0.000004  0.000004
0.000004  0.000004  0.000004  0.000004  0.999973  0.000004  0.000004
0.054249  0.945730  0.000004  0.000004  0.000004  0.000004  0.000004
0.000005  0.000005  0.999972  0.000005  0.000005  0.000005  0.000005
0.000004  0.000004  0.999974  0.000004  0.000004  0.000004  0.000004
0.000004  0.000004  0.382677  0.000004  0.000004  0.000004  0.617301
0.000004  0.000004  0.999974  0.000004  0.000004  0.000004  0.000004
0.000004  0.000004  0.000004  0.000004  0.000004  0.999974  0.000004
0.000005  0.000005  0.000005  0.000005  0.000005  0.999968  0.000005
0.000005  0.000005  0.000005  0.000005  0.000005  0.999972  0.000005
0.000004  0.064183  0.000004  0.333849  0.601951  0.000004  0.000004
0.000005  0.000005  0.000005  0.139474  0.000005  0.860503  0.000005
0.000005  0.000005  0.999973  0.000005  0.000005  0.000005  0.000005
0.000004  0.000004  0.315032  0.000004  0.000004  0.000004  0.684946
0.250824  0.000005  0.400814  0.000005  0.000005  0.043763  0.304584
0.000004  0.000004  0.943100  0.000004  0.000004  0.000004  0.056878
0.000005  0.000005  0.999973  0.000005  0.000005  0.000005  0.000005
0.205589  0.060673  0.556353  0.000004  0.000004  0.000004  0.177372
0.000005  0.000005  0.999973  0.000005  0.000005  0.000005  0.000005
0.249406  0.000004  0.399707  0.000004  0.000004  0.060307  0.290567
0.238653  0.000004  0.552093  0.000004  0.000004  0.114389  0.094851
0.190956  0.000005  0.496110  0.000005  0.000005  0.115126  0.197795
0.000005  0.000005  0.122618  0.000005  0.000005  0.000005  0.877359
0.000005  0.000005  0.000005  0.000005  0.000005  0.000005  0.999972
0.000005  0.000005  0.000005  0.000005  0.000005  0.000005  0.999972
0.000004  0.000004  0.999974  0.000004  0.000004  0.000004  0.000004
0.000005  0.000005  0.999973  0.000005  0.000005  0.000005  0.000005
0.000004  0.000004  0.999973  0.000004  0.000004  0.000004  0.000004
0.000005  0.000005  0.999971  0.000005  0.000005  0.000005  0.000005
0.000005  0.000005  0.999971  0.000005  0.000005  0.000005  0.000005
0.000005  0.000005  0.999972  0.000005  0.000005  0.000005  0.000005
0.475779  0.000005  0.485807  0.000005  0.000005  0.000005  0.038395
0.000004  0.000004  0.000004  0.000004  0.999973  0.000004  0.000004
0.000005  0.000005  0.999972  0.000005  0.000005  0.000005  0.000005
0.389742  0.000004  0.511951  0.000004  0.000004  0.098290  0.000004
0.000004  0.000004  0.999973  0.000004  0.000004  0.000004  0.000004
0.226385  0.000004  0.529461  0.000004  0.000004  0.116474  0.127667
0.000004  0.000004  0.000004  0.000004  0.000004  0.000004  0.999975
0.000004  0.000004  0.316803  0.000004  0.000004  0.000004  0.683176
0.000004  0.000004  0.000004  0.000004  0.000004  0.000004  0.999975
0.000004  0.000004  0.999973  0.000004  0.000004  0.000004  0.000004
0.406153  0.000004  0.507700  0.000004  0.000004  0.086130  0.000004
0.184421  0.000004  0.657473  0.000004  0.000004  0.000004  0.158089
0.125575  0.000004  0.687798  0.000004  0.000004  0.026809  0.159806
0.000004  0.000004  0.999974  0.000004  0.000004  0.000004  0.000004
0.195134  0.000004  0.467375  0.000004  0.000004  0.003055  0.334423
0.136052  0.050418  0.688735  0.002376  0.000005  0.000005  0.122410
0.177598  0.000004  0.565677  0.000004  0.000004  0.032221  0.224491
0.000005  0.000005  0.000005  0.000005  0.000005  0.000005  0.999971
0.168947  0.000006  0.000006  0.000006  0.000006  0.000006  0.831024
0.186181  0.000006  0.000006  0.000006  0.000006  0.000006  0.813790
0.000005  0.000005  0.000005  0.000005  0.000005  0.000005  0.999973
0.000004  0.000004  0.000004  0.000004  0.000004  0.000004  0.999974
0.000005  0.000005  0.000005  0.000005  0.000005  0.000005  0.999972
