0.000003  0.000003  0.000003  0.000003  0.000003  0.000003  0.000003  0.000003  0.999974
0.089763  0.133049  0.000003  0.000003  0.000003  0.000003  0.000003  0.000003  0.777169
0.000003  0.000003  0.000003  0.000003  0.000003  0.000003  0.000003  0.000003  0.999974
0.000003  0.000003  0.000003  0.000003  0.000003  0.000003  0.000003  0.000003  0.999973
0.000004  0.000004  0.000004  0.000004  0.000004  0.000004  0.000004  0.000004  0.999972
0.000003  0.066834  0.000003  0.000003  0.000003  0.000003  0.000003  0.000003  0.933144
0.000003  0.102312  0.000003  0.000003  0.000003  0.000003  0.000003  0.000003  0.897666
0.000003  0.062854  0.000003  0.000003  0.000003  0.000003  0.000003  0.000003  0.937124
0.000004  0.000004  0.000004  0.000004  0.000004  0.000004  0.000004  0.000004  0.999971
0.000003  0.563039  0.436939  0.000003  0.000003  0.000003  0.000003  0.000003  0.000003
0.240049  0.479191  0.098572  0.000003  0.000003  0.000003  0.000003  0.000003  0.182171
0.000003  0.000003  0.000003  0.000003  0.000003  0.000003  0.000003  0.000003  0.999973
0.000004  0.000004  0.319071  0.270854  0.000004  0.000004  0.000004  0.410052  0.000004
0.158662  0.841316  0.000003  0.000003  0.000003  0.000003  0.000003  0.000003  0.000003
0.155518  0.084295  0.483789  0.070953  0.000003  0.000003  0.000003  0.205430  0.000003
0.000003  0.000003  0.999973  0.000003  0.000003  0.000003  0.000003  0.000003  0.000003
0.478839  0.042882  0.000003  0.037620  0.440642  0.000003  0.000003  0.000003  0.000003
0.000003  0.000003  0.000003  0.716596  0.000003  0.000003  0.000003  0.234435  0.048949
0.000003  0.000003  0.000003  0.000003  0.895025  0.000003  0.000003  0.000003  0.104952
0.999973  0.000003  0.000003  0.000003  0.000003  0.000003  0.000003  0.000003  0.000003
0.781093  0.025119  0.000003  0.000003  0.193769  0.000003  0.000003  0.000003  0.000003
0.000003  0.000003  0.999974  0.000003  0.000003  0.000003  0.000003  0.000003  0.000003
0.000003  0.000003  0.999974  0.000003  0.000003  0.000003  0.000003  0.000003  0.000003
0.000003  0.000003  0.999974  0.000003  0.000003  0.000003  0.000003  0.000003  0.000003
0.000003  0.000003  0.000003  0.999974  0.000003  0.000003  0.000003  0.000003  0.000003
0.000003  0.000003  0.000003  0.000003  0.999974  0.000003  0.000003  0.000003  0.000003
0.447235  0.000003  0.000003  0.145010  0.352064  0.000003  0.000003  0.055674  0.000003
0.044565  0.000003  0.229922  0.326048  0.000003  0.000003  0.000003  0.362625  0.036826
0.507083  0.000003  0.000003  0.134126  0.310534  0.000003  0.000003  0.048241  0.000003
0.000003  0.000003  0.000003  0.999974  0.000003  0.000003  0.000003  0.000003  0.000003
0.000003  0.000003  0.000003  0.000003  0.999974  0.000003  0.000003  0.000003  0.000003
0.000003  0.081884  0.000003  0.000003  0.706003  0.000003  0.000003  0.000003  0.212094
0.000003  0.000003  0.000003  0.000003  0.842003  0.000003  0.000003  0.000003  0.157974
0.502029  0.000003  0.000003  0.113047  0.338738  0.000003  0.000003  0.046170  0.000003
0.000003  0.000003  0.000003  0.778098  0.000003  0.000003  0.000003  0.221880  0.000003
0.000003  0.000003  0.999974  0.000003  0.000003  0.000003  0.000003  0.000003  0.000003
0.000003  0.000003  0.883227  0.116751  0.000003  0.000003  0.000003  0.000003  0.000003
0.000003  0.000003  0.000003  0.999974  0.000003  0.000003  0.000003  0.000003  0.000003
0.510153  0.000003  0.000003  0.045955  0.443874  0.000003  0.000003  0.000003  0.000003
0.071121  0.015604  0.000003  0.547730  0.000003  0.000003  0.000003  0.365528  0.000003
0.000003  0.000003  0.740918  0.229003  0.000003  0.000003  0.000003  0.030058  0.000003
0.000003  0.000003  0.049315  0.950663  0.000003  0.000003  0.000003  0.000003  0.000003
0.000003  0.000003  0.000003  0.999974  0.000003  0.000003  0.000003  0.000003  0.000003
0.000003  0.000003  0.048788  0.951189  0.000003  0.000003  0.000003  0.000003  0.000003
0.000003  0.037761  0.675973  0.283719  0.000003  0.000003  0.000003  0.002530  0.000003
0.508732  0.000003  0.026763  0.087633  0.376857  0.000003  0.000003  0.000003  0.000003
0.999975  0.000003  0.000003  0.000003  0.000003  0.000003  0.000003  0.000003  0.000003
0.999975  0.000003  0.000003  0.000003  0.000003  0.000003  0.000003  0.000003  0.000003
0.999975  0.000003  0.000003  0.000003  0.000003  0.000003  0.000003  0.000003  0.000003
0.999974  0.000003  0.000003  0.000003  0.000003  0.000003  0.000003  0.000003  0.000003
0.000003  0.000003  0.000003  0.767986  0.000003  0.000003  0.000003  0.231991  0.000003
0.000003  0.022841  0.000003  0.730269  0.000003  0.000003  0.000003  0.190880  0.055994
0.000003  0.000003  0.000003  0.000003  0.999974  0.000003  0.000003  0.000003  0.000003
0.000003  0.000003  0.999974  0.000003  0.000003  0.000003  0.000003  0.000003  0.000003
0.000003  0.000003  0.000003  0.000003  0.999975  0.000003  0.000003  0.000003  0.000003
0.456512  0.072776  0.000003  0.101294  0.369401  0.000003  0.000003  0.000003  0.000003
0.000003  0.000003  0.000003  0.000003  0.811457  0.000003  0.000003  0.000003  0.188521
0.000003  0.000003  0.000003  0.999975  0.000003  0.000003  0.000003  0.000003  0.000003
0.000003  0.000003  0.000018  0.999959  0.000003  0.000003  0.000003  0.000003  0.000003
0.702136  0.179254  0.000003  0.000003  0.032143  0.000003  0.000003  0.000003  0.086451
0.999975  0.000003  0.000003  0.000003  0.000003  0.000003  0.000003  0.000003  0.000003
0.000003  0.051620  0.000003  0.545426  0.040857  0.000003  0.000003  0.362081  0.000003
0.000003  0.000003  0.999973  0.000003  0.000003  0.000003  0.000003  0.000003  0.000003
0.066524  0.927351  0.006105  0.000003  0.000003  0.000003  0.000003  0.000003  0.000003
0.000003  0.999975  0.000003  0.000003  0.000003  0.000003  0.000003  0.000003  0.000003
0.000003  0.999973  0.000003  0.000003  0.000003  0.000003  0.000003  0.000003  0.000003
0.000003  0.000003  0.000003  0.000003  0.000003  0.000003  0.000003  0.000003  0.999974
0.000003  0.020286  0.000003  0.000003  0.000003  0.000003  0.000003  0.000003  0.979692
0.000003  0.470822  0.000003  0.000003  0.000003  0.000003  0.000003  0.000003  0.529156
0.000003  0.000003  0.000003  0.000003  0.000003  0.000003  0.000003  0.000003  0.999975
0.094646  0.203096  0.000003  0.000003  0.000003  0.000003  0.000003  0.000003  0.702238
0.070261  0.248712  0.000003  0.000003  0.000003  0.000003  0.000003  0.000003  0.681008
0.099852  0.317235  0.000003  0.000003  0.000003  0.000003  0.000003  0.000003  0.582893
0.000003  0.266700  0.000003  0.000003  0.000003  0.000003  0.000003  0.000003  0.733277
0.000003  0.628603  0.000003  0.000003  0.000003  0.000003  0.000003  0.000003  0.371375
0.000003  0.999973  0.000003  0.000003  0.000003  0.000003  0.000003  0.000003  0.000003
0.000003  0.000003  0.000003  0.000003  0.000003  0.000003  0.335869  0.000003  0.664108
0.000003  0.999974  0.000003  0.000003  0.000003  0.000003  0.000003  0.000003  0.000003
0.000003  0.999973  0.000003  0.000003  0.000003  0.000003  0.000003  0.000003  0.000003
0.000003  0.976227  0.000003  0.000003  0.000003  0.000003  0.023750  0.000003  0.000003
0.000004  0.828213  0.171763  0.000004  0.000004  0.000004  0.000004  0.000004  0.000004
0.174991  0.631153  0.000003  0.000003  0.000003  0.000003  0.000003  0.000003  0.193836
0.000003  0.999974  0.000003  0.000003  0.000003  0.000003  0.000003  0.000003  0.000003
0.000003  0.999973  0.000003  0.000003  0.000003  0.000003  0.000003  0.000003  0.000003
0.000003  0.936127  0.000003  0.000003  0.000003  0.000003  0.000003  0.000003  0.063849
0.000003  0.000003  0.000003  0.000003  0.000003  0.000003  0.999972  0.000003  0.000003
0.000003  0.000003  0.000003  0.000003  0.000003  0.000003  0.999974  0.000003  0.000003
0.000003  0.000003  0.000003  0.000003  0.000003  0.000003  0.999974  0.000003  0.000003
0.000003  0.236209  0.000003  0.000003  0.000003  0.000003  0.365241  0.000003  0.398530
0.823842  0.000003  0.000003  0.087210  0.000003  0.000003  0.000003  0.000003  0.088927
0.000003  0.577981  0.000003  0.000003  0.000003  0.000003  0.000003  0.000003  0.421996
0.000003  0.999975  0.000003  0.000003  0.000003  0.000003  0.000003  0.000003  0.000003
0.000004  0.000004  0.000004  0.000004  0.000004  0.000004  0.000004  0.000004  0.999971
0.000003  0.159364  0.022638  0.000003  0.000003  0.000003  0.000003  0.000003  0.817977
0.000004  0.664497  0.000004  0.000004  0.000004  0.000004  0.000004  0.000004  0.335476
0.174769  0.825206  0.000004  0.000004  0.000004  0.000004  0.000004  0.000004  0.000004
0.000004  0.000004  0.999968  0.000004  0.000004  0.000004  0.000004  0.000004  0.000004
0.000003  0.154812  0.254833  0.000003  0.000003  0.000003  0.000003  0.000003  0.590335
0.000004  0.483370  0.516604  0.000004  0.000004  0.000004  0.000004  0.000004  0.000004
0.000003  0.075550  0.000003  0.000003  0.000003  0.000003  0.000003  0.000003  0.924425
0.052009  0.478494  0.022291  0.000004  0.000004  0.000004  0.000004  0.000004  0.447188
0.999973  0.000003  0.000003  0.000003  0.000003  0.000003  0.000003  0.000003  0.000003
0.191313  0.808662  0.000004  0.000004  0.000004  0.000004  0.000004  0.000004  0.000004
0.000003  0.108602  0.000003  0.000003  0.000003  0.000003  0.000003  0.000003  0.891374
0.000003  0.266863  0.000003  0.000003  0.000003  0.000003  0.000003  0.000003  0.733114
0.000003  0.000003  0.000003  0.000003  0.000003  0.000003  0.000003  0.000003  0.999973
0.000003  0.999972  0.000003  0.000003  0.000003  0.000003  0.000003  0.000003  0.000003
0.000003  0.000003  0.000003  0.000003  0.000003  0.000003  0.000003  0.000003  0.999973
0.297983  0.496715  0.000003  0.000003  0.000003  0.000003  0.000003  0.000003  0.205281
0.612806  0.000003  0.000003  0.108979  0.000003  0.055702  0.000003  0.222496  0.000003
0.999973  0.000003  0.000003  0.000003  0.000003  0.000003  0.000003  0.000003  0.000003
0.959072  0.040905  0.000003  0.000003  0.000003  0.000003  0.000003  0.000003  0.000003
0.000003  0.000003  0.000003  0.000003  0.000003  0.000003  0.000003  0.000003  0.999973
0.000004  0.143913  0.299579  0.358518  0.000004  0.000004  0.000004  0.197973  0.000004
0.000003  0.000003  0.000003  0.766631  0.000003  0.000003  0.000003  0.233346  0.000003
0.000003  0.000003  0.000003  0.799245  0.000003  0.000003  0.000003  0.200731  0.000003
0.000003  0.000003  0.000003  0.000003  0.000003  0.000003  0.000003  0.000003  0.999973
0.000003  0.659202  0.000003  0.000003  0.051411  0.000003  0.063003  0.000003  0.226368
0.000003  0.000003  0.498770  0.178773  0.000003  0.000003  0.000003  0.050113  0.272327
0.000003  0.115263  0.000003  0.000003  0.000003  0.000003  0.000003  0.000003  0.884714
0.000003  0.180041  0.000003  0.000003  0.000003  0.000003  0.000003  0.000003  0.819937
0.000003  0.000003  0.000003  0.000003  0.000003  0.000003  0.000003  0.000003  0.999974
0.270235  0.729742  0.000003  0.000003  0.000003  0.000003  0.000003  0.000003  0.000003
0.100557  0.051554  0.000003  0.000003  0.000003  0.000003  0.000003  0.000003  0.847871
0.158118  0.841856  0.000004  0.000004  0.000004  0.000004  0.000004  0.000004  0.000004
0.074790  0.000003  0.000003  0.000003  0.085632  0.000003  0.000003  0.000003  0.839558
0.092484  0.418477  0.000004  0.000004  0.000004  0.000004  0.000004  0.000004  0.489017
0.058477  0.255389  0.000003  0.000003  0.000003  0.000003  0.000003  0.000003  0.686115
0.000003  0.933515  0.000003  0.000003  0.000003  0.000003  0.000003  0.000003  0.066463
0.000003  0.000003  0.999972  0.000003  0.000003  0.000003  0.000003  0.000003  0.000003
0.000003  0.999973  0.000003  0.000003  0.000003  0.000003  0.000003  0.000003  0.000003
0.000004  0.000004  0.000004  0.000004  0.000004  0.000004  0.000004  0.999971  0.000004
0.000003  0.000003  0.000003  0.000003  0.000003  0.000003  0.000003  0.999973  0.000003
0.000003  0.000003  0.000003  0.044451  0.000003  0.000003  0.000003  0.955525  0.000003
0.000003  0.000003  0.003756  0.000003  0.000003  0.000003  0.000003  0.996221  0.000003
0.999973  0.000003  0.000003  0.000003  0.000003  0.000003  0.000003  0.000003  0.000003
0.999967  0.000004  0.000004  0.000004  0.000004  0.000004  0.000004  0.000004  0.000004
0.999971  0.000004  0.000004  0.000004  0.000004  0.000004  0.000004  0.000004  0.000004
0.000003  0.260872  0.528894  0.000003  0.000003  0.000003  0.000003  0.000003  0.210215
0.920627  0.000004  0.000004  0.000004  0.000004  0.000004  0.000004  0.000004  0.079347
0.000004  0.000004  0.000004  0.000004  0.000004  0.000004  0.000004  0.999972  0.000004
0.000003  0.000003  0.000003  0.000003  0.000003  0.000003  0.000003  0.999973  0.000003
0.000004  0.000004  0.000004  0.430046  0.000004  0.000004  0.000004  0.569928  0.000004
0.000003  0.000003  0.000003  0.062486  0.000003  0.000003  0.000003  0.937490  0.000003
0.000003  0.000003  0.000003  0.000003  0.000003  0.000003  0.000003  0.999972  0.000003
0.000003  0.000003  0.000003  0.415508  0.000003  0.000003  0.000003  0.584468  0.000003
0.000004  0.000004  0.000004  0.000004  0.000004  0.000004  0.000004  0.999972  0.000004
0.000003  0.000003  0.000003  0.439925  0.000003  0.000003  0.000003  0.560051  0.000003
0.000003  0.000003  0.000003  0.456079  0.000003  0.000003  0.000003  0.543898  0.000003
0.000004  0.000004  0.000004  0.450109  0.000004  0.000004  0.000004  0.549867  0.000004
0.000004  0.000004  0.000004  0.000004  0.000004  0.000004  0.000004  0.999972  0.000004
0.000004  0.000004  0.000004  0.000004  0.000004  0.000004  0.000004  0.999971  0.000004
0.000004  0.000004  0.000004  0.000004  0.000004  0.000004  0.000004  0.999971  0.000004
0.000003  0.000003  0.000003  0.000003  0.000003  0.000003  0.000003  0.999973  0.000003
0.000003  0.000003  0.000003  0.000003  0.000003  0.000003  0.000003  0.999972  0.000003
0.000003  0.000003  0.000003  0.000003  0.000003  0.000003  0.000003  0.999972  0.000003
0.000004  0.000004  0.000004  0.000004  0.000004  0.000004  0.000004  0.999970  0.000004
0.000004  0.000004  0.000004  0.000004  0.000004  0.000004  0.000004  0.999970  0.000004
0.000004  0.000004  0.000004  0.000004  0.000004  0.000004  0.000004  0.999971  0.000004
0.000004  0.000004  0.194189  0.358415  0.000004  0.000004  0.000004  0.447374  0.000004
0.000003  0.000003  0.999973  0.000003  0.000003  0.000003  0.000003  0.000003  0.000003
0.000004  0.000004  0.000004  0.000004  0.000004  0.000004  0.000004  0.999971  0.000004
0.044096  0.000003  0.169163  0.326845  0.000003  0.000003  0.000003  0.459879  0.000003
0.000003  0.000003  0.000003  0.000003  0.000003  0.000003  0.000003  0.999972  0.000003
0.000003  0.000003  0.000003  0.493441  0.000003  0.000003  0.000003  0.506536  0.000003
0.000003  0.000003  0.000003  0.000003  0.000003  0.000003  0.000003  0.999974  0.000003
0.000003  0.000003  0.000003  0.000003  0.000003  0.000003  0.000003  0.999974  0.000003
0.000003  0.000003  0.000003  0.000003  0.000003  0.000003  0.000003  0.999974  0.000003
0.000003  0.000003  0.000003  0.000003  0.000003  0.000003  0.000003  0.999973  0.000003
0.041225  0.000003  0.155822  0.359908  0.000003  0.000003  0.000003  0.443029  0.000003
0.000003  0.000003  0.042911  0.194320  0.000003  0.000003  0.000003  0.762749  0.000003
0.000003  0.000003  0.000003  0.209998  0.000003  0.000003  0.000003  0.789979  0.000003
0.000003  0.000003  0.000003  0.000003  0.000003  0.000003  0.000003  0.999973  0.000003
0.000003  0.000003  0.000003  0.290746  0.000003  0.015814  0.000003  0.693420  0.000003
0.000004  0.031961  0.000004  0.245325  0.000004  0.000004  0.000004  0.722691  0.000004
0.000003  0.000003  0.019180  0.250998  0.000003  0.000003  0.000003  0.729803  0.000003
0.000004  0.000004  0.000004  0.000004  0.000004  0.999970  0.000004  0.000004  0.000004
0.000005  0.000005  0.000005  0.000005  0.000005  0.999963  0.000005  0.000005  0.000005
0.000005  0.000005  0.000005  0.000005  0.000005  0.999964  0.000005  0.000005  0.000005
0.000004  0.000004  0.000004  0.000004  0.000004  0.999972  0.000004  0.000004  0.000004
0.000003  0.000003  0.000003  0.000003  0.000003  0.999973  0.000003  0.000003  0.000003
0.000004  0.000004  0.000004  0.000004  0.000004  0.999971  0.000004  0.000004  0.000004
