0.000004  0.000004  0.000004  0.000004  0.000004  0.000004  0.000004  0.999974
0.000004  0.000004  0.000004  0.000004  0.203479  0.000004  0.000004  0.796500
0.000004  0.000004  0.000004  0.000004  0.000004  0.000004  0.000004  0.999974
0.000004  0.000004  0.000004  0.000004  0.000004  0.000004  0.000004  0.999973
0.000004  0.000004  0.000004  0.000004  0.000004  0.000004  0.000004  0.999972
0.000004  0.000004  0.035019  0.000004  0.080686  0.000004  0.000004  0.884277
0.000004  0.000004  0.000004  0.000004  0.073579  0.000004  0.000004  0.926399
0.000004  0.000004  0.000004  0.000004  0.000004  0.000004  0.000004  0.999975
0.000004  0.000004  0.000004  0.000004  0.000004  0.000004  0.000004  0.999972
0.000004  0.000004  0.000004  0.000004  0.550563  0.449415  0.000004  0.000004
0.000004  0.000004  0.097287  0.000004  0.536502  0.121801  0.000004  0.244395
0.000004  0.000004  0.000004  0.000004  0.000004  0.000004  0.000004  0.999973
0.559159  0.000004  0.000004  0.000004  0.000004  0.440816  0.000004  0.000004
0.000004  0.000004  0.000004  0.000004  0.843750  0.000004  0.000004  0.156228
0.224365  0.000004  0.124334  0.000004  0.133607  0.517679  0.000004  0.000004
0.000004  0.000004  0.000004  0.000004  0.000004  0.999973  0.000004  0.000004
0.000004  0.000004  0.966862  0.000004  0.033116  0.000004  0.000004  0.000004
0.586389  0.000004  0.254540  0.000004  0.000004  0.159053  0.000004  0.000004
0.000004  0.000004  0.900749  0.000004  0.000004  0.000004  0.000004  0.099229
0.000004  0.000004  0.865718  0.000004  0.134260  0.000004  0.000004  0.000004
0.000003  0.000003  0.892180  0.000003  0.107799  0.000003  0.000003  0.000003
0.000004  0.000004  0.000004  0.000004  0.000004  0.999975  0.000004  0.000004
0.000004  0.000004  0.000004  0.000004  0.000004  0.999975  0.000004  0.000004
0.000004  0.000004  0.000004  0.000004  0.000004  0.999975  0.000004  0.000004
0.426819  0.000004  0.059892  0.000004  0.000004  0.513271  0.000004  0.000004
0.000004  0.000004  0.940853  0.000004  0.000004  0.000004  0.000004  0.059126
0.130386  0.000004  0.869592  0.000004  0.000004  0.000004  0.000004  0.000004
0.497668  0.000004  0.155988  0.000004  0.000004  0.346326  0.000004  0.000004
0.107122  0.000003  0.892857  0.000003  0.000003  0.000003  0.000003  0.000003
0.390718  0.000004  0.086887  0.000004  0.000004  0.522376  0.000004  0.000004
0.035941  0.000004  0.939008  0.000004  0.000004  0.025033  0.000004  0.000004
0.000004  0.000004  0.804293  0.000004  0.000004  0.000004  0.000004  0.195686
0.000004  0.000004  0.862370  0.000004  0.000004  0.000004  0.000004  0.137608
0.104298  0.000004  0.895681  0.000004  0.000004  0.000004  0.000004  0.000004
0.624152  0.000004  0.206003  0.000004  0.000004  0.169828  0.000004  0.000004
0.000004  0.000004  0.000004  0.000004  0.000004  0.999975  0.000004  0.000004
0.000003  0.000003  0.000003  0.000003  0.000003  0.999976  0.000003  0.000003
0.399390  0.000004  0.093329  0.000004  0.000004  0.507263  0.000004  0.000004
0.013667  0.000003  0.986312  0.000003  0.000003  0.000003  0.000003  0.000003
0.621944  0.000004  0.225546  0.000004  0.000004  0.152491  0.000004  0.000004
0.122773  0.000004  0.000004  0.000004  0.000004  0.877203  0.000004  0.000004
0.256642  0.000004  0.000004  0.000004  0.035515  0.707825  0.000004  0.000004
0.339020  0.000004  0.054151  0.000004  0.000004  0.606810  0.000004  0.000004
0.236029  0.000004  0.000004  0.000004  0.000004  0.763949  0.000004  0.000004
0.116874  0.000004  0.000004  0.000004  0.043161  0.839946  0.000004  0.000004
0.000004  0.000004  0.931326  0.000004  0.000004  0.068653  0.000004  0.000004
0.000003  0.000003  0.879902  0.000003  0.120077  0.000003  0.000003  0.000003
0.000004  0.000004  0.787607  0.000004  0.212371  0.000004  0.000004  0.000004
0.000004  0.000004  0.946040  0.000004  0.053939  0.000004  0.000004  0.000004
0.000004  0.000004  0.805215  0.000004  0.194763  0.000004  0.000004  0.000004
0.581585  0.000004  0.234988  0.000004  0.000004  0.183408  0.000004  0.000004
0.544269  0.000004  0.274677  0.000004  0.000004  0.181037  0.000004  0.000004
0.000005  0.000004  0.999974  0.000004  0.000004  0.000004  0.000004  0.000004
0.000004  0.000004  0.000004  0.000004  0.000004  0.999974  0.000004  0.000004
0.066255  0.000004  0.933724  0.000004  0.000004  0.000004  0.000004  0.000004
0.053196  0.000004  0.866404  0.000004  0.080382  0.000004  0.000004  0.000004
0.000004  0.000004  0.785042  0.000004  0.000004  0.000004  0.000004  0.214937
0.415596  0.000004  0.149909  0.000004  0.000004  0.434477  0.000004  0.000004
0.236558  0.000004  0.000004  0.000004  0.000004  0.763420  0.000004  0.000004
0.000003  0.000003  0.636640  0.000003  0.272386  0.000003  0.000003  0.090956
0.000004  0.000004  0.940547  0.000004  0.059432  0.000004  0.000004  0.000004
0.601223  0.000004  0.246529  0.000004  0.000004  0.152230  0.000004  0.000004
0.000004  0.000004  0.000004  0.000004  0.000004  0.999973  0.000004  0.000004
0.000004  0.000004  0.081466  0.000004  0.865647  0.052868  0.000004  0.000004
0.000004  0.000004  0.000004  0.000004  0.897550  0.000004  0.000004  0.102429
0.000004  0.000004  0.000004  0.000004  0.999973  0.000004  0.000004  0.000004
0.000004  0.000004  0.000004  0.000004  0.000004  0.000004  0.000004  0.999974
0.000004  0.000004  0.000004  0.000004  0.006480  0.000004  0.000004  0.993499
0.000004  0.000004  0.000004  0.000004  0.443617  0.000004  0.000004  0.556361
0.000004  0.000004  0.000004  0.000004  0.000004  0.000004  0.000004  0.999975
0.000004  0.000004  0.056326  0.000004  0.236512  0.000004  0.000004  0.707144
0.000004  0.000004  0.000004  0.000004  0.270385  0.000004  0.000004  0.729593
0.000004  0.000004  0.000004  0.000004  0.369079  0.000004  0.000004  0.630900
0.000004  0.000004  0.000004  0.000004  0.158691  0.000004  0.000004  0.841286
0.000004  0.000004  0.000004  0.000004  0.590272  0.000004  0.000004  0.409706
0.000004  0.000004  0.000004  0.000004  0.999973  0.000004  0.000004  0.000004
0.000004  0.000004  0.000004  0.000004  0.376706  0.000004  0.000004  0.623272
0.000004  0.000004  0.000004  0.000004  0.999974  0.000004  0.000004  0.000004
0.000004  0.000004  0.000004  0.000004  0.999973  0.000004  0.000004  0.000004
0.000004  0.000004  0.000004  0.000004  0.999973  0.000004  0.000004  0.000004
0.000004  0.000004  0.000004  0.000004  0.792484  0.207492  0.000004  0.000004
0.000004  0.000004  0.180099  0.000004  0.596202  0.000004  0.000004  0.223680
0.000004  0.000004  0.000004  0.000004  0.999974  0.000004  0.000004  0.000004
0.000004  0.000004  0.000004  0.000004  0.942535  0.057442  0.000004  0.000004
0.000004  0.000004  0.165443  0.000004  0.644910  0.105602  0.000004  0.084029
0.000004  0.000004  0.000004  0.000004  0.999973  0.000004  0.000004  0.000004
0.000004  0.000004  0.000004  0.000004  0.999974  0.000004  0.000004  0.000004
0.000004  0.000004  0.000004  0.000004  0.999974  0.000004  0.000004  0.000004
0.000004  0.000004  0.000004  0.000004  0.627215  0.088059  0.000004  0.284708
0.000004  0.000004  0.881169  0.000004  0.071040  0.000004  0.000004  0.047772
0.000004  0.000004  0.000004  0.000004  0.543083  0.000004  0.000004  0.456894
0.000004  0.000004  0.000004  0.000004  0.999975  0.000004  0.000004  0.000004
0.000004  0.000004  0.000004  0.000004  0.000004  0.000004  0.000004  0.999971
0.000004  0.000004  0.000004  0.000004  0.132805  0.023900  0.000004  0.843276
0.000004  0.000004  0.000004  0.000004  0.553522  0.000004  0.000004  0.446452
0.000004  0.000004  0.000004  0.000004  0.999972  0.000004  0.000004  0.000004
0.000004  0.000004  0.000004  0.000004  0.000004  0.999969  0.000004  0.000004
0.000004  0.000004  0.000004  0.000004  0.092426  0.254386  0.000004  0.653168
0.000004  0.000004  0.000004  0.000004  0.271327  0.494420  0.000004  0.234232
0.000004  0.000004  0.000004  0.000004  0.002007  0.000004  0.000004  0.997970
0.000004  0.000004  0.013482  0.000004  0.428270  0.033614  0.000004  0.524618
0.000004  0.000004  0.744738  0.000004  0.232237  0.000004  0.000004  0.023005
0.000004  0.000004  0.102198  0.000004  0.819453  0.000004  0.000004  0.078329
0.000004  0.000004  0.000004  0.000004  0.073637  0.000004  0.000004  0.926341
0.000004  0.000004  0.000004  0.000004  0.200758  0.000004  0.000004  0.799220
0.000004  0.000004  0.000004  0.000004  0.000004  0.000004  0.000004  0.999973
0.000004  0.000004  0.000004  0.000004  0.509711  0.000004  0.000004  0.490266
0.000004  0.000004  0.000004  0.000004  0.000004  0.000004  0.000004  0.999974
0.000004  0.000004  0.142992  0.000004  0.605067  0.000004  0.000004  0.251921
0.286334  0.000004  0.537946  0.043063  0.132642  0.000004  0.000004  0.000004
0.000004  0.000004  0.673049  0.000004  0.292636  0.000004  0.000004  0.034296
0.000004  0.000004  0.679804  0.000004  0.225074  0.000004  0.000004  0.095104
0.000004  0.000004  0.000004  0.000004  0.000004  0.000004  0.000004  0.999973
0.333631  0.000004  0.077866  0.000004  0.132312  0.456176  0.000004  0.000004
0.675087  0.000004  0.241555  0.000004  0.012579  0.070764  0.000004  0.000004
0.661251  0.000004  0.192819  0.000004  0.068304  0.077611  0.000004  0.000004
0.000004  0.000004  0.000004  0.000004  0.000004  0.000004  0.000004  0.999973
0.000004  0.000004  0.069864  0.000004  0.712841  0.000004  0.000004  0.217276
0.118625  0.000004  0.000004  0.000004  0.000004  0.605630  0.000004  0.275726
0.000004  0.000004  0.000004  0.000004  0.090523  0.000004  0.000004  0.909455
0.000004  0.000004  0.000004  0.000004  0.132062  0.000004  0.000004  0.867916
0.000004  0.000004  0.000004  0.000004  0.000004  0.000004  0.000004  0.999974
0.000004  0.000004  0.244259  0.000004  0.755719  0.000004  0.000004  0.000004
0.000004  0.000004  0.086983  0.000004  0.084653  0.000004  0.000004  0.828345
0.000004  0.000004  0.000004  0.000004  0.747969  0.000004  0.000004  0.252006
0.000004  0.000004  0.194585  0.000004  0.000004  0.000004  0.000004  0.805392
0.000004  0.000004  0.056628  0.000004  0.396048  0.000004  0.000004  0.547303
0.000004  0.000004  0.000004  0.000004  0.316643  0.000004  0.000004  0.683335
0.000004  0.000004  0.000004  0.000004  0.868225  0.000004  0.000004  0.131754
0.000004  0.000004  0.000004  0.000004  0.000004  0.999973  0.000004  0.000004
0.000004  0.000004  0.000004  0.000004  0.893593  0.106384  0.000004  0.000004
0.000004  0.999972  0.000004  0.000004  0.000004  0.000004  0.000004  0.000004
0.999974  0.000004  0.000004  0.000004  0.000004  0.000004  0.000004  0.000004
0.999973  0.000004  0.000004  0.000004  0.000004  0.000004  0.000004  0.000004
0.267705  0.732273  0.000004  0.000004  0.000004  0.000004  0.000004  0.000004
0.000004  0.000004  0.000004  0.000004  0.000004  0.000004  0.999973  0.000004
0.000005  0.000005  0.000005  0.000005  0.000005  0.000005  0.999967  0.000005
0.000004  0.000004  0.000004  0.000004  0.000004  0.000004  0.999972  0.000004
0.000004  0.000004  0.000004  0.000004  0.196072  0.530408  0.000004  0.273502
0.000004  0.000004  0.715217  0.000004  0.187217  0.000004  0.000004  0.097546
0.000004  0.999972  0.000004  0.000004  0.000004  0.000004  0.000004  0.000004
0.999973  0.000004  0.000004  0.000004  0.000004  0.000004  0.000004  0.000004
0.830109  0.000004  0.076971  0.000004  0.000004  0.092898  0.000004  0.000004
0.999973  0.000004  0.000004  0.000004  0.000004  0.000004  0.000004  0.000004
0.999972  0.000004  0.000004  0.000004  0.000004  0.000004  0.000004  0.000004
0.840432  0.000004  0.070641  0.000004  0.030583  0.058329  0.000004  0.000004
0.000004  0.999972  0.000004  0.000004  0.000004  0.000004  0.000004  0.000004
0.821770  0.000004  0.085331  0.000004  0.000004  0.092880  0.000004  0.000004
0.806714  0.000004  0.113334  0.000004  0.000004  0.079933  0.000004  0.000004
0.849042  0.000004  0.150934  0.000004  0.000004  0.000004  0.000004  0.000004
0.999972  0.000004  0.000004  0.000004  0.000004  0.000004  0.000004  0.000004
0.999971  0.000004  0.000004  0.000004  0.000004  0.000004  0.000004  0.000004
0.999971  0.000004  0.000004  0.000004  0.000004  0.000004  0.000004  0.000004
0.000004  0.999973  0.000004  0.000004  0.000004  0.000004  0.000004  0.000004
0.000004  0.999972  0.000004  0.000004  0.000004  0.000004  0.000004  0.000004
0.000004  0.999973  0.000004  0.000004  0.000004  0.000004  0.000004  0.000004
0.957645  0.042330  0.000004  0.000004  0.000004  0.000004  0.000004  0.000004
0.986415  0.013559  0.000004  0.000004  0.000004  0.000004  0.000004  0.000004
0.977704  0.022272  0.000004  0.000004  0.000004  0.000004  0.000004  0.000004
0.637711  0.000004  0.000004  0.000004  0.000004  0.362265  0.000004  0.000004
0.000004  0.000004  0.000004  0.000004  0.000004  0.999973  0.000004  0.000004
0.000004  0.999971  0.000004  0.000004  0.000004  0.000004  0.000004  0.000004
0.627100  0.000004  0.073608  0.000004  0.000004  0.299273  0.000004  0.000004
0.000004  0.999973  0.000004  0.000004  0.000004  0.000004  0.000004  0.000004
0.804086  0.000004  0.136032  0.000004  0.000004  0.059863  0.000004  0.000004
0.999975  0.000004  0.000004  0.000004  0.000004  0.000004  0.000004  0.000004
0.999975  0.000004  0.000004  0.000004  0.000004  0.000004  0.000004  0.000004
0.999975  0.000004  0.000004  0.000004  0.000004  0.000004  0.000004  0.000004
0.999973  0.000004  0.000004  0.000004  0.000004  0.000004  0.000004  0.000004
0.627972  0.000004  0.069595  0.000004  0.000004  0.302414  0.000004  0.000004
0.883627  0.000004  0.025908  0.000004  0.000004  0.090446  0.000004  0.000004
0.921318  0.000004  0.041013  0.000004  0.000004  0.037651  0.000004  0.000004
0.999974  0.000004  0.000004  0.000004  0.000004  0.000004  0.000004  0.000004
0.879583  0.000004  0.019287  0.002246  0.000004  0.098869  0.000004  0.000004
0.928681  0.000004  0.000004  0.000004  0.071293  0.000004  0.000004  0.000004
0.866355  0.000004  0.042400  0.000004  0.000004  0.091227  0.000004  0.000004
0.000004  0.000004  0.000004  0.999971  0.000004  0.000004  0.000004  0.000004
0.000005  0.000005  0.000005  0.999964  0.000005  0.000005  0.000005  0.000005
0.000005  0.000005  0.000005  0.999964  0.000005  0.000005  0.000005  0.000005
0.000004  0.000004  0.000004  0.999972  0.000004  0.000004  0.000004  0.000004
0.000004  0.000004  0.000004  0.999973  0.000004  0.000004  0.000004  0.000004
0.000004  0.000004  0.000004  0.999972  0.000004  0.000004  0.000004  0.000004
