0.000006  0.000006  0.000006  0.000006  0.999976
0.219663  0.000006  0.000006  0.000006  0.780319
0.000006  0.000006  0.000006  0.000006  0.999976
0.000006  0.000006  0.000006  0.000006  0.999975
0.000006  0.000006  0.000006  0.000006  0.999974
0.119404  0.000006  0.000006  0.000006  0.880578
0.000006  0.000006  0.000006  0.000006  0.999977
0.000006  0.000006  0.000006  0.000006  0.999976
0.000007  0.000007  0.000007  0.000007  0.999973
0.522436  0.459421  0.000006  0.000006  0.018131
0.584871  0.112465  0.000006  0.000006  0.302653
0.000006  0.000006  0.000006  0.000006  0.999975
0.000007  0.532190  0.398810  0.068987  0.000007
0.787436  0.000006  0.000006  0.000006  0.212546
0.255335  0.550954  0.193699  0.000006  0.000006
0.000006  0.999975  0.000006  0.000006  0.000006
0.832755  0.104417  0.000006  0.062816  0.000006
0.197767  0.293408  0.188931  0.319888  0.000006
0.828409  0.028136  0.000006  0.000006  0.143442
0.999975  0.000006  0.000006  0.000006  0.000006
0.999977  0.000006  0.000006  0.000006  0.000006
0.000006  0.999976  0.000006  0.000006  0.000006
0.000006  0.999976  0.000006  0.000006  0.000006
0.000006  0.999976  0.000006  0.000006  0.000006
0.035303  0.655339  0.088089  0.221263  0.000006
0.854785  0.031091  0.000006  0.000006  0.114112
0.735645  0.087909  0.062422  0.114018  0.000006
0.125225  0.425422  0.272496  0.176851  0.000006
0.749597  0.100837  0.033568  0.115992  0.000006
0.080709  0.629306  0.053373  0.236606  0.000006
0.659481  0.195191  0.059579  0.061776  0.023973
0.758390  0.042975  0.000006  0.000006  0.198623
0.800009  0.009394  0.000006  0.000006  0.190585
0.751630  0.103734  0.036276  0.108354  0.000006
0.165488  0.307978  0.155281  0.371246  0.000006
0.000006  0.999976  0.000006  0.000006  0.000006
0.000006  0.999977  0.000006  0.000006  0.000006
0.066368  0.636443  0.018226  0.278958  0.000006
0.812092  0.110478  0.070432  0.006992  0.000006
0.189252  0.248320  0.295971  0.266451  0.000006
0.000006  0.933515  0.048492  0.017981  0.000006
0.020321  0.831296  0.000006  0.148372  0.000006
0.043327  0.741716  0.000006  0.214945  0.000006
0.000006  0.891006  0.007654  0.101328  0.000006
0.032766  0.912958  0.000006  0.054264  0.000006
0.786861  0.152108  0.000006  0.061019  0.000006
0.999977  0.000006  0.000006  0.000006  0.000006
0.999977  0.000006  0.000006  0.000006  0.000006
0.999977  0.000006  0.000006  0.000006  0.000006
0.999976  0.000006  0.000006  0.000006  0.000006
0.171331  0.317965  0.174925  0.335773  0.000006
0.242170  0.339742  0.000006  0.418076  0.000006
0.712819  0.179586  0.000006  0.103654  0.003935
0.000006  0.999976  0.000006  0.000006  0.000006
0.701833  0.145241  0.088896  0.064024  0.000006
0.805512  0.105920  0.000006  0.088556  0.000006
0.725420  0.000006  0.000006  0.000006  0.274562
0.111470  0.556875  0.083361  0.248289  0.000006
0.000006  0.897360  0.000006  0.102622  0.000006
0.872089  0.000006  0.000006  0.038549  0.089351
0.999976  0.000006  0.000006  0.000006  0.000006
0.205123  0.246073  0.263304  0.285495  0.000006
0.000006  0.999975  0.000006  0.000006  0.000006
0.887497  0.036116  0.000006  0.000006  0.076375
0.686665  0.000006  0.000006  0.000006  0.313317
0.953550  0.000006  0.000006  0.000006  0.046431
0.000006  0.000006  0.000006  0.000006  0.999976
0.000006  0.000006  0.000006  0.000006  0.999977
0.350577  0.000006  0.000006  0.000006  0.649406
0.000006  0.000006  0.000006  0.000006  0.999977
0.246449  0.000006  0.000006  0.000006  0.753533
0.273878  0.000006  0.000006  0.000006  0.726105
0.364873  0.000006  0.000006  0.000006  0.635110
0.125358  0.000006  0.000006  0.000006  0.874623
0.442232  0.000006  0.000006  0.000006  0.557750
0.999975  0.000006  0.000006  0.000006  0.000006
0.300432  0.000006  0.000006  0.000006  0.699550
0.892132  0.000006  0.000006  0.000006  0.107850
0.897220  0.000006  0.000006  0.000006  0.102761
0.999975  0.000006  0.000006  0.000006  0.000006
0.594879  0.216590  0.000006  0.000006  0.188518
0.729825  0.000006  0.000006  0.000006  0.270157
0.599587  0.067419  0.000006  0.000006  0.332983
0.871260  0.128721  0.000006  0.000006  0.000006
0.722282  0.113737  0.000006  0.000006  0.163968
0.998942  0.000006  0.000006  0.000006  0.001039
0.999976  0.000006  0.000006  0.000006  0.000006
0.999976  0.000006  0.000006  0.000006  0.000006
0.570507  0.055281  0.000006  0.000006  0.374200
0.860634  0.070381  0.000006  0.032843  0.036136
0.364970  0.000006  0.000006  0.000006  0.635011
0.645816  0.000006  0.000006  0.000006  0.354166
0.000007  0.000007  0.000007  0.000007  0.999973
0.065504  0.024166  0.000006  0.000006  0.910317
0.357273  0.000007  0.000007  0.000007  0.642705
0.999974  0.000007  0.000007  0.000007  0.000007
0.000007  0.999971  0.000007  0.000007  0.000007
0.000006  0.269109  0.000006  0.000006  0.730872
0.161080  0.488927  0.000007  0.000007  0.349979
0.000006  0.019248  0.000006  0.000006  0.980733
0.413630  0.025816  0.000007  0.000007  0.560540
0.999975  0.000006  0.000006  0.000006  0.000006
0.841815  0.000007  0.000007  0.000007  0.158164
0.000006  0.000006  0.000006  0.000006  0.999975
0.121418  0.000006  0.000006  0.000006  0.878563
0.000006  0.000006  0.000006  0.000006  0.999975
0.333148  0.000006  0.000006  0.000006  0.666833
0.000006  0.000006  0.000006  0.000006  0.999975
0.700911  0.000006  0.000006  0.000006  0.299070
0.621882  0.036223  0.085321  0.256568  0.000006
0.999975  0.000006  0.000006  0.000006  0.000006
0.951527  0.000006  0.000006  0.000006  0.048455
0.000006  0.000006  0.000006  0.000006  0.999975
0.209658  0.509858  0.158687  0.121791  0.000007
0.225002  0.207826  0.168511  0.398655  0.000006
0.240719  0.204498  0.168150  0.386627  0.000006
0.000006  0.000006  0.000006  0.000006  0.999975
0.684549  0.000006  0.000006  0.017211  0.298228
0.000006  0.656388  0.021715  0.049625  0.272266
0.000006  0.000006  0.000006  0.000006  0.999975
0.006154  0.000006  0.000006  0.000006  0.993828
0.000006  0.000006  0.000006  0.000006  0.999976
0.941693  0.000006  0.000006  0.000006  0.058289
0.187332  0.000006  0.000006  0.000006  0.812650
0.692855  0.000007  0.000007  0.000007  0.307125
0.207927  0.000006  0.000006  0.000006  0.792054
0.397355  0.000007  0.000007  0.000007  0.602625
0.268039  0.000006  0.000006  0.000006  0.731943
0.679835  0.000006  0.000006  0.000006  0.320148
0.000006  0.984286  0.000006  0.000006  0.015695
0.838538  0.105351  0.000006  0.000006  0.056098
0.000007  0.000007  0.999974  0.000007  0.000007
0.000006  0.015983  0.983999  0.000006  0.000006
0.000006  0.000006  0.317231  0.682750  0.000006
0.000006  0.000006  0.981426  0.018555  0.000006
0.999975  0.000006  0.000006  0.000006  0.000006
0.999969  0.000008  0.000008  0.000008  0.000008
0.999973  0.000007  0.000007  0.000007  0.000007
0.133753  0.521822  0.000006  0.000006  0.344414
0.955677  0.000007  0.000007  0.000007  0.044303
0.000007  0.000007  0.999974  0.000007  0.000007
0.000006  0.000006  0.243939  0.756043  0.000006
0.050823  0.188838  0.343719  0.416613  0.000007
0.000006  0.012377  0.881611  0.105999  0.000006
0.000006  0.000006  0.999974  0.000006  0.000006
0.097763  0.149083  0.462066  0.291082  0.000006
0.000007  0.000007  0.999974  0.000007  0.000007
0.063108  0.196279  0.336413  0.404194  0.000006
0.115789  0.197974  0.473184  0.213047  0.000006
0.110664  0.152838  0.409171  0.327321  0.000006
0.000007  0.000007  0.000007  0.999974  0.000007
0.000007  0.000007  0.000007  0.999973  0.000007
0.000007  0.000007  0.000007  0.999973  0.000007
0.000006  0.000006  0.999975  0.000006  0.000006
0.000006  0.000006  0.999974  0.000006  0.000006
0.000006  0.000006  0.999974  0.000006  0.000006
0.000007  0.000007  0.999972  0.000007  0.000007
0.000007  0.000007  0.999972  0.000007  0.000007
0.000007  0.000007  0.999974  0.000007  0.000007
0.000007  0.454744  0.421934  0.123309  0.000007
0.000006  0.999975  0.000006  0.000006  0.000006
0.000007  0.000007  0.999973  0.000007  0.000007
0.068534  0.389572  0.462031  0.079857  0.000006
0.000006  0.000006  0.999974  0.000006  0.000006
0.117898  0.183850  0.441015  0.257231  0.000006
0.000006  0.000006  0.000006  0.999976  0.000006
0.000006  0.000006  0.244347  0.755635  0.000006
0.000006  0.000006  0.000006  0.999976  0.000006
0.000006  0.000006  0.999975  0.000006  0.000006
0.070929  0.394467  0.474623  0.059974  0.000006
0.027495  0.149709  0.600405  0.222385  0.000006
0.037701  0.092346  0.641209  0.228738  0.000006
0.000006  0.000006  0.999975  0.000006  0.000006
0.010888  0.159494  0.409639  0.419974  0.000006
0.084657  0.079363  0.636792  0.199181  0.000007
0.030355  0.150532  0.517747  0.301360  0.000006
0.000007  0.000007  0.000007  0.999972  0.000007
0.000008  0.153360  0.000008  0.846615  0.000008
0.000008  0.157455  0.000008  0.842520  0.000008
0.000007  0.000007  0.000007  0.999974  0.000007
0.000006  0.000006  0.000006  0.999975  0.000006
0.000007  0.000007  0.000007  0.999973  0.000007
