0.999975  0.000012  0.000013
0.999976  0.000012  0.000012
0.999975  0.000012  0.000013
0.999974  0.000013  0.000013
0.999973  0.000014  0.000014
0.999976  0.000012  0.000012
0.999976  0.000012  0.000012
0.999976  0.000012  0.000012
0.999972  0.000014  0.000014
0.516333  0.483655  0.000012
0.850864  0.149123  0.000012
0.999974  0.000013  0.000013
0.000014  0.510716  0.489269
0.999978  0.000012  0.000010
0.207402  0.575396  0.217202
0.000013  0.999975  0.000013
0.687549  0.153349  0.159102
0.167957  0.273510  0.558533
0.841111  0.107767  0.051123
0.898262  0.044027  0.057712
0.830172  0.070940  0.098888
0.000012  0.999976  0.000012
0.000012  0.999976  0.000012
0.000012  0.999976  0.000012
0.007301  0.624555  0.368143
0.825994  0.091480  0.082526
0.597634  0.143653  0.258712
0.105333  0.412037  0.482630
0.587797  0.172671  0.239532
0.043440  0.608551  0.348010
0.561281  0.245832  0.192887
0.840040  0.126330  0.033630
0.861635  0.079999  0.058366
0.620957  0.150183  0.228860
0.130584  0.288263  0.581153
0.000012  0.999976  0.000012
0.000012  0.999977  0.000012
0.027934  0.604381  0.367685
0.674729  0.165961  0.159310
0.139533  0.254692  0.605775
0.000011  0.903650  0.096338
0.002724  0.795507  0.201769
0.000350  0.713629  0.286021
0.000012  0.839730  0.160258
0.021519  0.883507  0.094973
0.645174  0.202989  0.151837
0.845952  0.086121  0.067927
0.869622  0.085683  0.044695
0.883124  0.072432  0.044444
0.891999  0.033632  0.074370
0.132289  0.305760  0.561951
0.195973  0.291205  0.512823
0.585529  0.215177  0.199294
0.000012  0.999975  0.000013
0.576764  0.191940  0.231296
0.657351  0.161768  0.180881
0.861830  0.074813  0.063356
0.073762  0.538323  0.387915
0.000012  0.841384  0.158604
0.851593  0.042647  0.105760
0.869512  0.092224  0.038264
0.152609  0.254443  0.592948
0.000013  0.999974  0.000013
0.891519  0.108468  0.000012
0.953869  0.046121  0.000010
0.946906  0.037083  0.016011
0.999975  0.000012  0.000013
0.999976  0.000012  0.000012
0.999976  0.000012  0.000012
0.999976  0.000012  0.000012
0.999976  0.000012  0.000012
0.999976  0.000012  0.000012
0.999976  0.000012  0.000012
0.999975  0.000013  0.000012
0.999976  0.000012  0.000012
0.999974  0.000013  0.000013
0.999976  0.000012  0.000012
0.999975  0.000013  0.000012
0.999974  0.000013  0.000013
0.966698  0.000013  0.033289
0.731629  0.266255  0.002116
0.932047  0.067940  0.000013
0.879897  0.120091  0.000012
0.768984  0.231003  0.000013
0.790041  0.209946  0.000013
0.999976  0.000013  0.000011
0.999975  0.000012  0.000012
0.996665  0.000013  0.003323
0.909934  0.090053  0.000013
0.752368  0.123443  0.124188
0.999975  0.000013  0.000013
0.999976  0.000012  0.000012
0.999971  0.000014  0.000014
0.990827  0.009160  0.000013
0.999970  0.000015  0.000015
0.999973  0.000013  0.000014
0.000015  0.999970  0.000015
0.759903  0.240084  0.000013
0.517696  0.482290  0.000014
0.987562  0.000013  0.012425
0.954292  0.036701  0.009007
0.943378  0.000013  0.056609
0.999972  0.000014  0.000014
0.999975  0.000013  0.000013
0.999975  0.000013  0.000013
0.999974  0.000013  0.000013
0.999974  0.000013  0.000013
0.999974  0.000013  0.000013
0.985015  0.014972  0.000013
0.538723  0.059931  0.401346
0.958568  0.000013  0.041419
0.937866  0.000012  0.062122
0.999974  0.000013  0.000013
0.162652  0.515995  0.321353
0.166803  0.208400  0.624796
0.179174  0.206607  0.614219
0.999974  0.000013  0.000013
0.928102  0.022683  0.049214
0.256718  0.635429  0.107854
0.999975  0.000012  0.000013
0.999976  0.000012  0.000012
0.999975  0.000012  0.000013
0.935332  0.025669  0.039000
0.999976  0.000012  0.000012
0.999972  0.000014  0.000014
0.999974  0.000013  0.000013
0.999972  0.000014  0.000014
0.999976  0.000012  0.000012
0.955513  0.044475  0.000012
0.004613  0.995374  0.000013
0.792215  0.207772  0.000013
0.000014  0.000013  0.999973
0.000013  0.046710  0.953278
0.000013  0.000011  0.999976
0.000013  0.028045  0.971943
0.943863  0.000013  0.056124
0.943427  0.000016  0.056557
0.963002  0.000014  0.036985
0.484889  0.515099  0.000012
0.937645  0.005364  0.056991
0.000013  0.000013  0.999973
0.000013  0.000011  0.999976
0.024438  0.180363  0.795199
0.000011  0.034662  0.965327
0.000013  0.006064  0.993922
0.068907  0.154377  0.776717
0.000013  0.000013  0.999973
0.045217  0.180839  0.773943
0.082416  0.200056  0.717528
0.069098  0.164191  0.766711
0.000013  0.000013  0.999973
0.000014  0.000014  0.999973
0.000014  0.000014  0.999973
0.000013  0.000013  0.999975
0.000013  0.000013  0.999974
0.000013  0.000013  0.999974
0.000014  0.000014  0.999972
0.000014  0.000012  0.999974
0.000013  0.000014  0.999973
0.010168  0.426157  0.563675
0.000013  0.999974  0.000013
0.000014  0.000014  0.999973
0.046521  0.380818  0.572661
0.000013  0.000013  0.999974
0.064209  0.202613  0.733178
0.000012  0.000012  0.999976
0.000012  0.000012  0.999976
0.000012  0.000012  0.999976
0.000013  0.000011  0.999976
0.050817  0.385326  0.563856
0.014810  0.149513  0.835677
0.000013  0.111678  0.888309
0.000013  0.014120  0.985867
0.000013  0.152100  0.847888
0.072193  0.078434  0.849373
0.003016  0.160751  0.836234
0.000014  0.000014  0.999972
0.000017  0.166445  0.833537
0.000017  0.165734  0.834249
0.000013  0.000013  0.999973
0.000013  0.000013  0.999974
0.000013  0.000014  0.999973
