0.000002  0.000002  0.000002  0.000002  0.000002  0.000002  0.000002  0.000002  0.000002  0.000002  0.000002  0.000002  0.999973
0.000002  0.000002  0.297767  0.000002  0.000002  0.000002  0.000002  0.000002  0.000002  0.000002  0.000002  0.000002  0.702208
0.000002  0.000002  0.000002  0.000002  0.000002  0.000002  0.000002  0.000002  0.000002  0.000002  0.000002  0.000002  0.999973
0.000002  0.000002  0.000002  0.000002  0.000002  0.000002  0.000002  0.000002  0.000002  0.000002  0.000002  0.000002  0.999972
0.000002  0.000002  0.000002  0.000002  0.000002  0.000002  0.000002  0.000002  0.000002  0.000002  0.000002  0.000002  0.999971
0.000002  0.000002  0.000002  0.000002  0.000002  0.085790  0.000002  0.000002  0.000002  0.000002  0.000002  0.000002  0.914186
0.000002  0.000002  0.160773  0.000002  0.000002  0.000002  0.000002  0.000002  0.000002  0.000002  0.000002  0.000002  0.839202
0.000002  0.000002  0.368716  0.000002  0.000002  0.000002  0.000002  0.000002  0.000002  0.000002  0.000002  0.000002  0.631259
0.000002  0.000002  0.000002  0.000002  0.000002  0.000002  0.000002  0.000002  0.000002  0.000002  0.000002  0.000002  0.999970
0.000002  0.000002  0.524930  0.000002  0.000002  0.000002  0.000002  0.475046  0.000002  0.000002  0.000002  0.000002  0.000002
0.000002  0.000002  0.445325  0.000002  0.054404  0.229869  0.000002  0.000002  0.000002  0.088862  0.000002  0.000002  0.181522
0.000002  0.000002  0.000002  0.000002  0.000002  0.000002  0.000002  0.000002  0.000002  0.000002  0.000002  0.000002  0.999972
0.481220  0.000003  0.000003  0.000003  0.000003  0.000003  0.000003  0.229041  0.000003  0.000003  0.289713  0.000003  0.000003
0.000002  0.000002  0.999974  0.000002  0.000002  0.000002  0.000002  0.000002  0.000002  0.000002  0.000002  0.000002  0.000002
0.231008  0.000002  0.000002  0.000002  0.000002  0.000002  0.206768  0.463246  0.000002  0.000002  0.098957  0.000002  0.000002
0.000002  0.000002  0.000002  0.000002  0.000002  0.000002  0.000002  0.999972  0.000002  0.000002  0.000002  0.000002  0.000002
0.000002  0.000002  0.000002  0.000002  0.000002  0.000002  0.928603  0.000002  0.000002  0.000002  0.000002  0.000002  0.071373
0.065156  0.000002  0.000002  0.000002  0.000002  0.000002  0.000002  0.000002  0.000002  0.000002  0.904449  0.000002  0.030372
0.000002  0.000002  0.000002  0.000002  0.000002  0.000002  0.796553  0.000002  0.000002  0.000002  0.000002  0.000002  0.203422
0.000002  0.000002  0.000002  0.000002  0.000002  0.999972  0.000002  0.000002  0.000002  0.000002  0.000002  0.000002  0.000002
0.000002  0.000002  0.000002  0.000002  0.000002  0.668430  0.331547  0.000002  0.000002  0.000002  0.000002  0.000002  0.000002
0.000002  0.000002  0.000002  0.000002  0.000002  0.000002  0.000002  0.000002  0.000002  0.999973  0.000002  0.000002  0.000002
0.000002  0.000002  0.000002  0.000002  0.000002  0.000002  0.000002  0.000002  0.000002  0.999973  0.000002  0.000002  0.000002
0.000002  0.000002  0.000002  0.000002  0.000002  0.000002  0.000002  0.000002  0.000002  0.999973  0.000002  0.000002  0.000002
0.000002  0.000002  0.000002  0.000002  0.000002  0.000002  0.000002  0.000002  0.000002  0.000002  0.999973  0.000002  0.000002
0.000002  0.000002  0.000002  0.000002  0.000002  0.000002  0.811863  0.000002  0.000002  0.000002  0.000002  0.000002  0.188113
0.000002  0.000002  0.000002  0.000002  0.000002  0.114117  0.726372  0.000002  0.000002  0.000002  0.159489  0.000002  0.000002
0.321295  0.000002  0.000002  0.000002  0.000002  0.000002  0.037037  0.114148  0.000002  0.035658  0.441782  0.000002  0.050065
0.000002  0.000002  0.000002  0.000002  0.000002  0.063365  0.841068  0.000002  0.000002  0.000002  0.095546  0.000002  0.000002
0.000002  0.000002  0.000002  0.000002  0.000002  0.000002  0.000002  0.000002  0.000002  0.000002  0.999973  0.000002  0.000002
0.000002  0.000002  0.000002  0.000002  0.000002  0.000002  0.000002  0.000002  0.999974  0.000002  0.000002  0.000002  0.000002
0.000002  0.000002  0.000002  0.000002  0.000002  0.000002  0.698997  0.000002  0.000002  0.000002  0.000002  0.000002  0.300979
0.000002  0.000002  0.000002  0.000002  0.000002  0.000002  0.760350  0.000002  0.000002  0.000002  0.000002  0.000002  0.239626
0.000002  0.000002  0.000002  0.000002  0.000002  0.066548  0.933428  0.000002  0.000002  0.000002  0.000002  0.000002  0.000002
0.000002  0.000002  0.000002  0.000002  0.000002  0.000002  0.000002  0.000002  0.000002  0.000002  0.999974  0.000002  0.000002
0.000002  0.000002  0.000002  0.000002  0.000002  0.000002  0.000002  0.000002  0.000002  0.999973  0.000002  0.000002  0.000002
0.000002  0.000002  0.000002  0.000002  0.000002  0.000002  0.000002  0.000002  0.000002  0.999974  0.000002  0.000002  0.000002
0.000002  0.000002  0.000002  0.000002  0.000002  0.000002  0.000002  0.000002  0.000002  0.014550  0.985425  0.000002  0.000002
0.000002  0.000002  0.000002  0.000002  0.000002  0.000002  0.999974  0.000002  0.000002  0.000002  0.000002  0.000002  0.000002
0.308559  0.000002  0.023220  0.000002  0.000002  0.000002  0.062352  0.000002  0.000002  0.000002  0.605848  0.000002  0.000002
0.000002  0.000002  0.000002  0.000002  0.000002  0.000002  0.000002  0.000002  0.000002  0.999971  0.000002  0.000002  0.000002
0.000002  0.000002  0.000002  0.000002  0.000002  0.000002  0.000002  0.000002  0.000002  0.000002  0.999974  0.000002  0.000002
0.000002  0.000002  0.000002  0.000002  0.000002  0.000002  0.000002  0.000002  0.000002  0.000002  0.999973  0.000002  0.000002
0.000002  0.000002  0.000002  0.000002  0.000002  0.000002  0.000002  0.000002  0.000002  0.000002  0.999973  0.000002  0.000002
0.000002  0.000002  0.030426  0.000002  0.000002  0.000002  0.000002  0.000002  0.000002  0.754002  0.215549  0.000002  0.000002
0.000002  0.000002  0.000002  0.000002  0.000002  0.000002  0.968756  0.000002  0.000002  0.000002  0.000002  0.000002  0.031220
0.000002  0.000002  0.000002  0.000002  0.000002  0.857968  0.142009  0.000002  0.000002  0.000002  0.000002  0.000002  0.000002
0.000002  0.000002  0.000002  0.000002  0.000002  0.999974  0.000002  0.000002  0.000002  0.000002  0.000002  0.000002  0.000002
0.000002  0.000002  0.000002  0.000002  0.000002  0.999974  0.000002  0.000002  0.000002  0.000002  0.000002  0.000002  0.000002
0.000002  0.000002  0.000002  0.000002  0.000002  0.999973  0.000002  0.000002  0.000002  0.000002  0.000002  0.000002  0.000002
0.046355  0.000002  0.000002  0.000002  0.000002  0.000002  0.000002  0.000002  0.000002  0.000002  0.953619  0.000002  0.000002
0.000002  0.001654  0.000002  0.000002  0.000002  0.000002  0.000002  0.000002  0.000002  0.000002  0.943850  0.000002  0.054475
0.000002  0.000002  0.000002  0.000002  0.000002  0.000002  0.000002  0.000002  0.999973  0.000002  0.000002  0.000002  0.000002
0.000002  0.000002  0.000002  0.000002  0.000002  0.000002  0.000002  0.000002  0.000002  0.999973  0.000002  0.000002  0.000002
0.000002  0.000002  0.000002  0.000002  0.000002  0.000002  0.000002  0.000002  0.999974  0.000002  0.000002  0.000002  0.000002
0.000002  0.000002  0.000002  0.000002  0.000002  0.047930  0.952044  0.000002  0.000002  0.000002  0.000002  0.000002  0.000002
0.000002  0.000002  0.000002  0.000002  0.000002  0.000002  0.694134  0.000002  0.000002  0.000002  0.000002  0.000002  0.305842
0.000002  0.000002  0.000002  0.000002  0.000002  0.000002  0.000002  0.000002  0.000002  0.000002  0.999974  0.000002  0.000002
0.000002  0.000002  0.000002  0.000002  0.000002  0.000002  0.000002  0.000002  0.000002  0.000002  0.999974  0.000002  0.000002
0.000002  0.000002  0.107643  0.000002  0.000002  0.709241  0.076785  0.000002  0.000002  0.000002  0.000002  0.000002  0.106311
0.000002  0.000002  0.000002  0.000002  0.000002  0.939470  0.060505  0.000002  0.000002  0.000002  0.000002  0.000002  0.000002
0.272874  0.000132  0.000002  0.000002  0.000002  0.000002  0.109070  0.000002  0.000002  0.000002  0.617904  0.000002  0.000002
0.000002  0.000002  0.000002  0.000002  0.000002  0.000002  0.000002  0.000002  0.000002  0.999972  0.000002  0.000002  0.000002
0.000002  0.000002  0.425228  0.000002  0.505282  0.000002  0.069467  0.000002  0.000002  0.000002  0.000002  0.000002  0.000002
0.000002  0.000002  0.000002  0.000002  0.864369  0.000002  0.000002  0.000002  0.000002  0.000002  0.000002  0.000002  0.135607
0.000002  0.000002  0.000002  0.000002  0.999972  0.000002  0.000002  0.000002  0.000002  0.000002  0.000002  0.000002  0.000002
0.000002  0.000002  0.000002  0.000002  0.000002  0.000002  0.000002  0.000002  0.000002  0.000002  0.000002  0.000002  0.999973
0.000002  0.000002  0.000002  0.000002  0.000002  0.000002  0.000002  0.000002  0.000002  0.000002  0.000002  0.000002  0.999974
0.000002  0.000002  0.209714  0.000002  0.157989  0.045520  0.000002  0.000002  0.000002  0.000002  0.000002  0.000002  0.586758
0.000002  0.000002  0.000002  0.000002  0.000002  0.000002  0.000002  0.000002  0.000002  0.000002  0.000002  0.000002  0.999974
0.000002  0.000002  0.232310  0.000002  0.000002  0.111683  0.000002  0.000002  0.000002  0.000002  0.000002  0.000002  0.655985
0.000002  0.000002  0.521671  0.000002  0.000002  0.000002  0.000002  0.000002  0.000002  0.000002  0.000002  0.000002  0.478305
0.000002  0.000002  0.581817  0.000002  0.000002  0.000002  0.000002  0.000002  0.000002  0.000002  0.000002  0.000002  0.418159
0.000002  0.000002  0.664393  0.000002  0.000002  0.000002  0.000002  0.000002  0.000002  0.000002  0.000002  0.000002  0.335582
0.000002  0.000002  0.687829  0.000002  0.000002  0.000002  0.000002  0.000002  0.000002  0.000002  0.000002  0.000002  0.312146
0.000002  0.000002  0.628413  0.000002  0.371561  0.000002  0.000002  0.000002  0.000002  0.000002  0.000002  0.000002  0.000002
0.000002  0.000002  0.000002  0.000002  0.000002  0.323602  0.000002  0.000002  0.000002  0.000002  0.000002  0.000002  0.676373
0.000002  0.000002  0.000002  0.000002  0.999973  0.000002  0.000002  0.000002  0.000002  0.000002  0.000002  0.000002  0.000002
0.000002  0.000002  0.000002  0.000002  0.999971  0.000002  0.000002  0.000002  0.000002  0.000002  0.000002  0.000002  0.000002
0.000002  0.000002  0.000002  0.000002  0.999972  0.000002  0.000002  0.000002  0.000002  0.000002  0.000002  0.000002  0.000002
0.000002  0.000002  0.000002  0.000002  0.961349  0.000002  0.000002  0.000002  0.000002  0.038624  0.000002  0.000002  0.000002
0.000002  0.000002  0.000002  0.000002  0.549553  0.000002  0.146659  0.000002  0.000002  0.000002  0.000002  0.000002  0.303764
0.000002  0.000002  0.000002  0.000002  0.999973  0.000002  0.000002  0.000002  0.000002  0.000002  0.000002  0.000002  0.000002
0.000002  0.000002  0.000002  0.000002  0.999972  0.000002  0.000002  0.000002  0.000002  0.000002  0.000002  0.000002  0.000002
0.000002  0.000002  0.000002  0.000002  0.678140  0.000002  0.131733  0.000002  0.000002  0.000002  0.000002  0.000002  0.190103
0.000002  0.000002  0.079582  0.000002  0.000002  0.920391  0.000002  0.000002  0.000002  0.000002  0.000002  0.000002  0.000002
0.000002  0.000002  0.000002  0.000002  0.000002  0.999973  0.000002  0.000002  0.000002  0.000002  0.000002  0.000002  0.000002
0.000002  0.000002  0.000002  0.000002  0.000002  0.999973  0.000002  0.000002  0.000002  0.000002  0.000002  0.000002  0.000002
0.000002  0.000002  0.117714  0.000002  0.000002  0.493787  0.000002  0.000002  0.000002  0.000002  0.000002  0.000002  0.388476
0.000002  0.000002  0.000002  0.000002  0.000002  0.000002  0.923902  0.000002  0.000002  0.000002  0.000002  0.000002  0.076072
0.000002  0.000002  0.999972  0.000002  0.000002  0.000002  0.000002  0.000002  0.000002  0.000002  0.000002  0.000002  0.000002
0.000002  0.000002  0.651709  0.000002  0.348267  0.000002  0.000002  0.000002  0.000002  0.000002  0.000002  0.000002  0.000002
0.000003  0.000003  0.000003  0.000003  0.000003  0.000003  0.000003  0.000003  0.000003  0.000003  0.000003  0.000003  0.999969
0.000002  0.000002  0.000002  0.000002  0.000002  0.000002  0.000002  0.000002  0.000002  0.000002  0.000002  0.000002  0.999971
0.000003  0.000003  0.699346  0.000003  0.000003  0.000003  0.000003  0.000003  0.000003  0.000003  0.000003  0.000003  0.300624
0.000002  0.000002  0.999970  0.000002  0.000002  0.000002  0.000002  0.000002  0.000002  0.000002  0.000002  0.000002  0.000002
0.000003  0.000003  0.000003  0.000003  0.000003  0.000003  0.000003  0.999967  0.000003  0.000003  0.000003  0.000003  0.000003
0.000002  0.000002  0.401320  0.000002  0.000002  0.000002  0.000002  0.233262  0.000002  0.000002  0.000002  0.000002  0.365394
0.000003  0.000003  0.426786  0.000003  0.000003  0.000003  0.000003  0.573185  0.000003  0.000003  0.000003  0.000003  0.000003
0.000002  0.000002  0.378381  0.000002  0.000002  0.000002  0.000002  0.000002  0.000002  0.000002  0.000002  0.000002  0.621593
0.000003  0.000003  0.681458  0.000003  0.000003  0.000003  0.000003  0.000003  0.000003  0.000003  0.000003  0.000003  0.318514
0.000002  0.000002  0.000002  0.000002  0.000002  0.999972  0.000002  0.000002  0.000002  0.000002  0.000002  0.000002  0.000002
0.000003  0.000003  0.999969  0.000003  0.000003  0.000003  0.000003  0.000003  0.000003  0.000003  0.000003  0.000003  0.000003
0.000002  0.000002  0.182918  0.000002  0.000002  0.000002  0.000002  0.000002  0.000002  0.000002  0.000002  0.000002  0.817057
0.000002  0.000002  0.544446  0.000002  0.000002  0.000002  0.000002  0.000002  0.000002  0.000002  0.000002  0.000002  0.455528
0.000002  0.000002  0.000002  0.000002  0.000002  0.000002  0.000002  0.000002  0.000002  0.000002  0.000002  0.000002  0.999972
0.000002  0.000002  0.999971  0.000002  0.000002  0.000002  0.000002  0.000002  0.000002  0.000002  0.000002  0.000002  0.000002
0.000002  0.000002  0.000002  0.000002  0.000002  0.000002  0.000002  0.000002  0.000002  0.000002  0.000002  0.000002  0.999972
0.000002  0.000002  0.783671  0.000002  0.000002  0.118080  0.000002  0.000002  0.000002  0.000002  0.000002  0.000002  0.098226
0.131648  0.040487  0.000002  0.000002  0.000002  0.584882  0.000002  0.000002  0.000002  0.000002  0.143655  0.070959  0.028352
0.000002  0.000002  0.000002  0.000002  0.000002  0.999972  0.000002  0.000002  0.000002  0.000002  0.000002  0.000002  0.000002
0.000002  0.000002  0.000002  0.000002  0.000002  0.931335  0.000002  0.000002  0.000002  0.000002  0.000002  0.000002  0.068640
0.000002  0.000002  0.000002  0.000002  0.000002  0.000002  0.000002  0.000002  0.000002  0.000002  0.000002  0.000002  0.999971
0.156856  0.000002  0.065868  0.000002  0.000002  0.083630  0.000002  0.099762  0.000002  0.153443  0.440424  0.000002  0.000002
0.057557  0.000002  0.000002  0.000002  0.000002  0.000002  0.000002  0.000002  0.000002  0.000002  0.942418  0.000002  0.000002
0.025115  0.000002  0.000002  0.000002  0.000002  0.000002  0.000002  0.000002  0.000002  0.000002  0.974859  0.000002  0.000002
0.000002  0.000002  0.000002  0.000002  0.000002  0.000002  0.000002  0.000002  0.000002  0.000002  0.000002  0.000002  0.999972
0.000002  0.000002  0.535456  0.000002  0.111982  0.177588  0.000002  0.000002  0.000002  0.000002  0.000002  0.000002  0.174954
0.000002  0.000002  0.000002  0.000002  0.000002  0.000002  0.000002  0.000002  0.000002  0.523720  0.179862  0.000002  0.296394
0.000002  0.000002  0.183192  0.000002  0.000002  0.000002  0.000002  0.000002  0.000002  0.000002  0.000002  0.000002  0.816782
0.000002  0.000002  0.310511  0.000002  0.000002  0.000002  0.000002  0.000002  0.000002  0.000002  0.000002  0.000002  0.689465
0.000002  0.000002  0.000002  0.000002  0.000002  0.000002  0.000002  0.000002  0.000002  0.000002  0.000002  0.000002  0.999973
0.000002  0.000002  0.897817  0.000002  0.000002  0.000002  0.102159  0.000002  0.000002  0.000002  0.000002  0.000002  0.000002
0.000002  0.000002  0.191068  0.000002  0.000002  0.054223  0.000002  0.000002  0.000002  0.000002  0.000002  0.000002  0.754686
0.000003  0.000003  0.931413  0.000003  0.000003  0.000003  0.000003  0.000003  0.000003  0.000003  0.000003  0.000003  0.068559
0.000002  0.000002  0.000002  0.000002  0.000002  0.055879  0.094009  0.000002  0.000002  0.000002  0.000002  0.000002  0.850088
0.000003  0.000003  0.399140  0.000003  0.054774  0.000003  0.044081  0.000003  0.000003  0.000003  0.000003  0.000003  0.501982
0.000002  0.000002  0.135045  0.000002  0.007033  0.135252  0.000002  0.000002  0.000002  0.000002  0.000002  0.000002  0.722651
0.000002  0.000002  0.000002  0.000002  0.836582  0.000002  0.000002  0.000002  0.000002  0.000002  0.000002  0.000002  0.163394
0.000002  0.000002  0.000002  0.000002  0.000002  0.000002  0.000002  0.999971  0.000002  0.000002  0.000002  0.000002  0.000002
0.000002  0.000002  0.000002  0.000002  0.999972  0.000002  0.000002  0.000002  0.000002  0.000002  0.000002  0.000002  0.000002
0.000002  0.000002  0.000002  0.999970  0.000002  0.000002  0.000002  0.000002  0.000002  0.000002  0.000002  0.000002  0.000002
0.999972  0.000002  0.000002  0.000002  0.000002  0.000002  0.000002  0.000002  0.000002  0.000002  0.000002  0.000002  0.000002
0.233689  0.766285  0.000002  0.000002  0.000002  0.000002  0.000002  0.000002  0.000002  0.000002  0.000002  0.000002  0.000002
0.214857  0.000002  0.000002  0.785118  0.000002  0.000002  0.000002  0.000002  0.000002  0.000002  0.000002  0.000002  0.000002
0.000002  0.000002  0.000002  0.000002  0.000002  0.000002  0.999972  0.000002  0.000002  0.000002  0.000002  0.000002  0.000002
0.000003  0.000003  0.000003  0.000003  0.000003  0.000003  0.999965  0.000003  0.000003  0.000003  0.000003  0.000003  0.000003
0.000002  0.000002  0.000002  0.000002  0.000002  0.000002  0.999970  0.000002  0.000002  0.000002  0.000002  0.000002  0.000002
0.000002  0.000002  0.166090  0.000002  0.000002  0.000002  0.000002  0.595846  0.000002  0.000002  0.000002  0.000002  0.238042
0.000003  0.000003  0.000003  0.000003  0.000003  0.944811  0.000003  0.000003  0.000003  0.000003  0.000003  0.000003  0.055162
0.000002  0.000002  0.000002  0.999971  0.000002  0.000002  0.000002  0.000002  0.000002  0.000002  0.000002  0.000002  0.000002
0.000002  0.999972  0.000002  0.000002  0.000002  0.000002  0.000002  0.000002  0.000002  0.000002  0.000002  0.000002  0.000002
0.450582  0.063338  0.000003  0.000003  0.000003  0.000003  0.000003  0.000003  0.000003  0.000003  0.476088  0.009968  0.000003
0.999972  0.000002  0.000002  0.000002  0.000002  0.000002  0.000002  0.000002  0.000002  0.000002  0.000002  0.000002  0.000002
0.999971  0.000002  0.000002  0.000002  0.000002  0.000002  0.000002  0.000002  0.000002  0.000002  0.000002  0.000002  0.000002
0.590700  0.000002  0.000002  0.000002  0.000002  0.000002  0.000002  0.000002  0.000002  0.000002  0.409274  0.000002  0.000002
0.000002  0.000002  0.000002  0.999971  0.000002  0.000002  0.000002  0.000002  0.000002  0.000002  0.000002  0.000002  0.000002
0.449420  0.069799  0.000002  0.000002  0.000002  0.000002  0.000002  0.000002  0.000002  0.000002  0.480757  0.000002  0.000002
0.551920  0.000002  0.000002  0.000002  0.000002  0.000002  0.000002  0.000002  0.000002  0.000002  0.448054  0.000002  0.000002
0.524482  0.001785  0.000002  0.000002  0.000002  0.000002  0.000002  0.000002  0.000002  0.000002  0.473708  0.000002  0.000002
0.000002  0.999970  0.000002  0.000002  0.000002  0.000002  0.000002  0.000002  0.000002  0.000002  0.000002  0.000002  0.000002
0.000003  0.999970  0.000003  0.000003  0.000003  0.000003  0.000003  0.000003  0.000003  0.000003  0.000003  0.000003  0.000003
0.000003  0.999970  0.000003  0.000003  0.000003  0.000003  0.000003  0.000003  0.000003  0.000003  0.000003  0.000003  0.000003
0.000002  0.000002  0.000002  0.999972  0.000002  0.000002  0.000002  0.000002  0.000002  0.000002  0.000002  0.000002  0.000002
0.000002  0.000002  0.000002  0.999971  0.000002  0.000002  0.000002  0.000002  0.000002  0.000002  0.000002  0.000002  0.000002
0.000002  0.000002  0.000002  0.999971  0.000002  0.000002  0.000002  0.000002  0.000002  0.000002  0.000002  0.000002  0.000002
0.999969  0.000003  0.000003  0.000003  0.000003  0.000003  0.000003  0.000003  0.000003  0.000003  0.000003  0.000003  0.000003
0.999969  0.000003  0.000003  0.000003  0.000003  0.000003  0.000003  0.000003  0.000003  0.000003  0.000003  0.000003  0.000003
0.999970  0.000002  0.000002  0.000002  0.000002  0.000002  0.000002  0.000002  0.000002  0.000002  0.000002  0.000002  0.000002
0.505657  0.000002  0.000002  0.000002  0.000002  0.000002  0.000002  0.112495  0.000002  0.000002  0.381824  0.000002  0.000002
0.000002  0.000002  0.000002  0.000002  0.000002  0.000002  0.000002  0.999972  0.000002  0.000002  0.000002  0.000002  0.000002
0.000003  0.000003  0.000003  0.999970  0.000003  0.000003  0.000003  0.000003  0.000003  0.000003  0.000003  0.000003  0.000003
0.492442  0.000002  0.000002  0.000002  0.000002  0.000002  0.000002  0.067304  0.000002  0.000002  0.426433  0.000002  0.013801
0.000002  0.000002  0.000002  0.999971  0.000002  0.000002  0.000002  0.000002  0.000002  0.000002  0.000002  0.000002  0.000002
0.537610  0.000002  0.000002  0.000002  0.000002  0.000002  0.000002  0.000002  0.000002  0.000002  0.462365  0.000002  0.000002
0.000002  0.999973  0.000002  0.000002  0.000002  0.000002  0.000002  0.000002  0.000002  0.000002  0.000002  0.000002  0.000002
0.000002  0.999973  0.000002  0.000002  0.000002  0.000002  0.000002  0.000002  0.000002  0.000002  0.000002  0.000002  0.000002
0.000002  0.999973  0.000002  0.000002  0.000002  0.000002  0.000002  0.000002  0.000002  0.000002  0.000002  0.000002  0.000002
0.999972  0.000002  0.000002  0.000002  0.000002  0.000002  0.000002  0.000002  0.000002  0.000002  0.000002  0.000002  0.000002
0.487252  0.000002  0.000002  0.000002  0.000002  0.000002  0.000002  0.050315  0.000002  0.000002  0.448750  0.000002  0.013662
0.739351  0.034593  0.000002  0.000002  0.000002  0.000002  0.000002  0.000002  0.000002  0.000002  0.226033  0.000002  0.000002
0.781880  0.000002  0.000002  0.000002  0.000002  0.000002  0.000002  0.000002  0.000002  0.000002  0.218095  0.000002  0.000002
0.999972  0.000002  0.000002  0.000002  0.000002  0.000002  0.000002  0.000002  0.000002  0.000002  0.000002  0.000002  0.000002
0.460504  0.179652  0.000002  0.000965  0.000002  0.000002  0.000002  0.000002  0.000002  0.000002  0.329733  0.029127  0.000002
0.799899  0.000003  0.000003  0.000003  0.000003  0.000003  0.000003  0.000003  0.000003  0.000003  0.200073  0.000003  0.000003
0.608159  0.098019  0.000002  0.010680  0.000002  0.000002  0.000002  0.000002  0.000002  0.000002  0.283123  0.000002  0.000002
0.000003  0.000003  0.000003  0.000003  0.000003  0.000003  0.000003  0.000003  0.000003  0.000003  0.000003  0.999969  0.000003
0.000003  0.000003  0.000003  0.000003  0.000003  0.000003  0.000003  0.000003  0.000003  0.000003  0.000003  0.999962  0.000003
0.000003  0.000003  0.000003  0.000003  0.000003  0.000003  0.000003  0.000003  0.000003  0.000003  0.000003  0.999962  0.000003
0.000002  0.000002  0.000002  0.000002  0.000002  0.000002  0.000002  0.000002  0.000002  0.000002  0.000002  0.999971  0.000002
0.000002  0.000002  0.000002  0.000002  0.000002  0.000002  0.000002  0.000002  0.000002  0.000002  0.000002  0.999972  0.000002
0.000002  0.000002  0.000002  0.000002  0.000002  0.000002  0.000002  0.000002  0.000002  0.000002  0.000002  0.999970  0.000002
