0.999976  0.000005  0.000005  0.000005  0.000005  0.000005
0.818051  0.000005  0.000005  0.181930  0.000005  0.000005
0.999975  0.000005  0.000005  0.000005  0.000005  0.000005
0.999974  0.000005  0.000005  0.000005  0.000005  0.000005
0.999973  0.000005  0.000005  0.000005  0.000005  0.000005
0.906697  0.000005  0.000005  0.093284  0.000005  0.000005
0.960870  0.000005  0.000005  0.039111  0.000005  0.000005
0.999976  0.000005  0.000005  0.000005  0.000005  0.000005
0.999973  0.000005  0.000005  0.000005  0.000005  0.000005
0.000005  0.000005  0.448569  0.551413  0.000005  0.000005
0.284439  0.170217  0.113633  0.431700  0.000005  0.000005
0.999974  0.000005  0.000005  0.000005  0.000005  0.000005
0.000006  0.014866  0.486909  0.000006  0.000006  0.498208
0.186304  0.043646  0.000005  0.770035  0.000005  0.000005
0.000005  0.155916  0.527533  0.102817  0.000005  0.213724
0.000005  0.000005  0.999974  0.000005  0.000005  0.000005
0.000005  0.926940  0.058606  0.014440  0.000005  0.000005
0.000005  0.249498  0.239067  0.000005  0.120758  0.390667
0.129726  0.870254  0.000005  0.000005  0.000005  0.000005
0.000005  0.999975  0.000005  0.000005  0.000005  0.000005
0.000005  0.953776  0.000005  0.046206  0.000005  0.000005
0.000005  0.000005  0.999976  0.000005  0.000005  0.000005
0.000005  0.000005  0.999976  0.000005  0.000005  0.000005
0.000005  0.000005  0.999976  0.000005  0.000005  0.000005
0.000005  0.065524  0.590499  0.000005  0.016063  0.327904
0.103350  0.896631  0.000005  0.000005  0.000005  0.000005
0.000005  0.841355  0.046857  0.000005  0.000005  0.111774
0.000005  0.152688  0.393111  0.000005  0.063009  0.391183
0.000005  0.865838  0.068514  0.000005  0.065634  0.000005
0.000005  0.090389  0.588249  0.000005  0.060056  0.261296
0.000005  0.830915  0.116983  0.000005  0.000005  0.052087
0.219614  0.780367  0.000005  0.000005  0.000005  0.000005
0.172225  0.827755  0.000005  0.000005  0.000005  0.000005
0.000005  0.871637  0.072929  0.000005  0.055419  0.000005
0.000005  0.207953  0.254704  0.000005  0.160856  0.376477
0.000005  0.000005  0.999976  0.000005  0.000005  0.000005
0.000005  0.000005  0.999977  0.000005  0.000005  0.000005
0.000005  0.097223  0.576852  0.000005  0.093452  0.232463
0.000005  0.930473  0.051675  0.000005  0.000005  0.017837
0.000005  0.219970  0.210254  0.000005  0.111871  0.457895
0.000005  0.000005  0.904108  0.000005  0.000005  0.095871
0.000005  0.000005  0.775056  0.033567  0.000005  0.191363
0.000005  0.060162  0.679306  0.000005  0.000005  0.260516
0.000005  0.000005  0.832857  0.000005  0.000005  0.167123
0.000005  0.000005  0.875847  0.049528  0.000005  0.074609
0.000005  0.890330  0.109651  0.000005  0.000005  0.000005
0.000005  0.969498  0.000005  0.030483  0.000005  0.000005
0.000005  0.894462  0.000005  0.105519  0.000005  0.000005
0.000005  0.999976  0.000005  0.000005  0.000005  0.000005
0.000005  0.901470  0.000005  0.098510  0.000005  0.000005
0.000005  0.218442  0.267181  0.000005  0.138449  0.375918
0.000005  0.265513  0.268398  0.000005  0.158886  0.307194
0.000005  0.892792  0.107189  0.000005  0.000005  0.000005
0.000005  0.000005  0.999975  0.000005  0.000005  0.000005
0.000005  0.848328  0.065071  0.000005  0.000005  0.086587
0.000005  0.865839  0.062890  0.044383  0.026878  0.000005
0.256425  0.743556  0.000005  0.000005  0.000005  0.000005
0.000005  0.138736  0.508106  0.000005  0.065002  0.288147
0.000005  0.000005  0.831989  0.000005  0.000005  0.167992
0.123754  0.705480  0.000005  0.170752  0.000005  0.000005
0.000005  0.999976  0.000005  0.000005  0.000005  0.000005
0.000005  0.238890  0.209624  0.000005  0.138657  0.412819
0.000005  0.000005  0.999974  0.000005  0.000005  0.000005
0.033889  0.129269  0.035836  0.800996  0.000005  0.000005
0.131827  0.000005  0.000005  0.868154  0.000005  0.000005
0.000005  0.000005  0.000005  0.999974  0.000005  0.000005
0.999975  0.000005  0.000005  0.000005  0.000005  0.000005
0.999973  0.000005  0.000005  0.000007  0.000005  0.000005
0.593255  0.012584  0.000005  0.394147  0.000005  0.000005
0.999976  0.000005  0.000005  0.000005  0.000005  0.000005
0.735001  0.071387  0.000005  0.193597  0.000005  0.000005
0.754463  0.000005  0.000005  0.245518  0.000005  0.000005
0.663575  0.000005  0.000005  0.336406  0.000005  0.000005
0.866344  0.000005  0.000005  0.133636  0.000005  0.000005
0.476513  0.000005  0.000005  0.523468  0.000005  0.000005
0.000005  0.000005  0.000005  0.999974  0.000005  0.000005
0.637052  0.000005  0.000005  0.362928  0.000005  0.000005
0.000005  0.000005  0.000005  0.999975  0.000005  0.000005
0.000005  0.000005  0.000005  0.999974  0.000005  0.000005
0.000005  0.000005  0.000005  0.999974  0.000005  0.000005
0.000005  0.000005  0.200768  0.799211  0.000005  0.000005
0.238744  0.230617  0.000005  0.530624  0.000005  0.000005
0.000005  0.000005  0.000005  0.999975  0.000005  0.000005
0.000005  0.000005  0.017828  0.982151  0.000005  0.000005
0.113933  0.161968  0.097872  0.626217  0.000005  0.000005
0.000005  0.000005  0.000005  0.999974  0.000005  0.000005
0.000005  0.000005  0.000005  0.999975  0.000005  0.000005
0.000005  0.000005  0.000005  0.999975  0.000005  0.000005
0.304498  0.022856  0.080584  0.592051  0.000005  0.000005
0.049208  0.950772  0.000005  0.000005  0.000005  0.000005
0.530332  0.000005  0.000005  0.469648  0.000005  0.000005
0.223354  0.000005  0.000005  0.776627  0.000005  0.000005
0.999972  0.000006  0.000006  0.000006  0.000006  0.000006
0.900079  0.000005  0.000005  0.099900  0.000005  0.000005
0.500063  0.000006  0.000006  0.499913  0.000006  0.000006
0.000005  0.000005  0.000005  0.999973  0.000005  0.000005
0.000006  0.000006  0.999970  0.000006  0.000006  0.000006
0.676471  0.000005  0.255683  0.067830  0.000005  0.000005
0.282452  0.000006  0.491831  0.225700  0.000006  0.000006
0.999974  0.000005  0.000005  0.000005  0.000005  0.000005
0.552322  0.059618  0.024375  0.363674  0.000005  0.000005
0.068843  0.885876  0.000005  0.045266  0.000005  0.000005
0.124778  0.139759  0.000006  0.735447  0.000006  0.000006
0.966002  0.000005  0.000005  0.033978  0.000005  0.000005
0.830060  0.000005  0.000005  0.169920  0.000005  0.000005
0.999974  0.000005  0.000005  0.000005  0.000005  0.000005
0.551991  0.000005  0.000005  0.447988  0.000005  0.000005
0.999975  0.000005  0.000005  0.000005  0.000005  0.000005
0.289735  0.215326  0.000005  0.494923  0.000005  0.000005
0.055015  0.588656  0.015751  0.021903  0.179631  0.139044
0.085245  0.814914  0.000005  0.099826  0.000005  0.000005
0.146689  0.798667  0.000005  0.054630  0.000005  0.000005
0.999974  0.000005  0.000005  0.000005  0.000005  0.000005
0.000005  0.088938  0.492342  0.127255  0.000005  0.291455
0.000005  0.256062  0.166415  0.000005  0.178402  0.399111
0.000005  0.229197  0.167431  0.034402  0.165108  0.403857
0.999974  0.000005  0.000005  0.000005  0.000005  0.000005
0.256351  0.068001  0.000005  0.665637  0.010001  0.000005
0.278197  0.000005  0.635272  0.000005  0.000005  0.086516
0.937483  0.000005  0.000005  0.062497  0.000005  0.000005
0.903420  0.000005  0.000005  0.096561  0.000005  0.000005
0.999975  0.000005  0.000005  0.000005  0.000005  0.000005
0.035681  0.269857  0.000005  0.694447  0.000005  0.000005
0.842226  0.092904  0.000005  0.064855  0.000005  0.000005
0.300931  0.084601  0.000006  0.614451  0.000006  0.000006
0.812025  0.187955  0.000005  0.000005  0.000005  0.000005
0.589021  0.098899  0.000006  0.312064  0.000006  0.000006
0.713903  0.000005  0.000005  0.286078  0.000005  0.000005
0.160296  0.000005  0.000005  0.839685  0.000005  0.000005
0.000005  0.000005  0.999974  0.000005  0.000005  0.000005
0.000005  0.000005  0.086675  0.913304  0.000005  0.000005
0.000005  0.000005  0.000005  0.000005  0.000005  0.999973
0.000005  0.000005  0.000005  0.000005  0.000005  0.999975
0.000005  0.000005  0.000005  0.000005  0.567336  0.432643
0.000005  0.000005  0.000005  0.000005  0.000005  0.999975
0.000005  0.999974  0.000005  0.000005  0.000005  0.000005
0.000006  0.999968  0.000006  0.000006  0.000006  0.000006
0.000005  0.999973  0.000005  0.000005  0.000005  0.000005
0.310551  0.000005  0.524350  0.165084  0.000005  0.000005
0.147373  0.846143  0.000005  0.006468  0.000005  0.000005
0.000005  0.000005  0.000005  0.000005  0.000005  0.999973
0.000005  0.000005  0.000005  0.000005  0.628697  0.371283
0.000006  0.075771  0.156959  0.000006  0.257992  0.509266
0.000005  0.000005  0.000005  0.000005  0.000005  0.999974
0.000005  0.000005  0.000005  0.000005  0.000005  0.999974
0.000005  0.101186  0.126664  0.000005  0.100800  0.671339
0.000005  0.000005  0.000005  0.000005  0.000005  0.999973
0.000005  0.085305  0.164734  0.000005  0.238901  0.511049
0.000005  0.144310  0.157500  0.000005  0.000005  0.698175
0.000005  0.147481  0.109670  0.000005  0.119294  0.623544
0.000005  0.000005  0.000005  0.000005  0.844812  0.155167
0.000006  0.000006  0.000006  0.000006  0.999972  0.000006
0.000006  0.000006  0.000006  0.000006  0.999972  0.000006
0.000005  0.000005  0.000005  0.000005  0.000005  0.999975
0.000005  0.000005  0.000005  0.000005  0.000005  0.999974
0.000005  0.000005  0.000005  0.000005  0.000005  0.999974
0.000006  0.000006  0.000006  0.000006  0.000006  0.999972
0.000006  0.000006  0.000006  0.000006  0.000006  0.999972
0.000005  0.000005  0.000005  0.000005  0.000005  0.999973
0.000005  0.045339  0.399243  0.000005  0.002934  0.552473
0.000005  0.000005  0.999974  0.000005  0.000005  0.000005
0.000005  0.000005  0.000005  0.000005  0.000005  0.999973
0.000005  0.090695  0.345754  0.000005  0.000005  0.563536
0.000005  0.000005  0.000005  0.000005  0.000005  0.999974
0.000005  0.149630  0.147538  0.000005  0.000005  0.702816
0.000005  0.000005  0.000005  0.000005  0.999976  0.000005
0.000005  0.000005  0.000005  0.000005  0.626316  0.373664
0.000005  0.000005  0.000005  0.000005  0.952236  0.047744
0.000005  0.000005  0.000005  0.000005  0.000005  0.999974
0.000005  0.082663  0.350067  0.000005  0.000005  0.567255
0.000005  0.000005  0.149557  0.000005  0.121238  0.729190
0.000005  0.041593  0.077375  0.000005  0.120633  0.760389
0.000005  0.000005  0.000005  0.000005  0.000005  0.999975
0.000005  0.000005  0.150359  0.000005  0.296998  0.552629
0.000006  0.074249  0.068040  0.000006  0.078962  0.778738
0.000005  0.045903  0.126798  0.000005  0.187904  0.639385
0.000006  0.000006  0.000006  0.000006  0.999972  0.000006
0.000007  0.000007  0.161711  0.000007  0.838262  0.000007
0.000007  0.000007  0.162357  0.000007  0.805139  0.032484
0.000005  0.000005  0.000005  0.000005  0.999973  0.000005
0.000005  0.000005  0.000005  0.000005  0.999974  0.000005
0.000005  0.000005  0.000005  0.000005  0.999973  0.000005
