0.000007  0.999978  0.000007  0.000007
0.000007  0.778796  0.000007  0.221190
0.000007  0.999978  0.000007  0.000007
0.000008  0.999977  0.000008  0.000008
0.000008  0.999976  0.000008  0.000008
0.000007  0.879489  0.000007  0.120496
0.000007  0.999978  0.000007  0.000007
0.000007  0.999978  0.000007  0.000007
0.000008  0.999975  0.000008  0.000008
0.000007  0.009972  0.462103  0.527918
0.000007  0.295202  0.112239  0.592551
0.000008  0.999977  0.000008  0.000008
0.496548  0.000009  0.503435  0.000009
0.000007  0.205621  0.000007  0.794365
0.199209  0.000008  0.543042  0.257741
0.000008  0.000008  0.999977  0.000008
0.094520  0.006908  0.081728  0.816844
0.551065  0.011658  0.249033  0.188245
0.000007  0.146517  0.028958  0.824518
0.000008  0.000008  0.000008  0.999977
0.017682  0.000007  0.000007  0.982304
0.000007  0.000007  0.999978  0.000007
0.000007  0.000007  0.999978  0.000007
0.000007  0.000007  0.999978  0.000007
0.382957  0.000007  0.617028  0.000007
0.025308  0.118792  0.016332  0.839568
0.202890  0.000007  0.068945  0.728158
0.480006  0.001842  0.398523  0.119629
0.178177  0.000007  0.081707  0.740109
0.344149  0.000007  0.574465  0.081379
0.152119  0.030126  0.170885  0.646870
0.000007  0.200630  0.043208  0.756154
0.000007  0.194119  0.010587  0.795287
0.172820  0.003732  0.083339  0.740109
0.573753  0.000007  0.257969  0.168272
0.000007  0.000007  0.999978  0.000007
0.000007  0.000007  0.999979  0.000007
0.362485  0.000007  0.572390  0.065118
0.101265  0.003998  0.092872  0.801865
0.592862  0.000007  0.218383  0.188748
0.101420  0.000008  0.898565  0.000008
0.209514  0.000007  0.769154  0.021324
0.288096  0.000007  0.673301  0.038595
0.173771  0.000007  0.826214  0.000007
0.098979  0.000007  0.877646  0.023367
0.095987  0.000027  0.126825  0.777162
0.000007  0.000007  0.000007  0.999979
0.000007  0.000007  0.000007  0.999979
0.000007  0.000007  0.000007  0.999978
0.000007  0.000007  0.000007  0.999978
0.553603  0.000008  0.274472  0.171917
0.504983  0.004538  0.264212  0.226268
0.154725  0.015622  0.144178  0.685475
0.000007  0.000007  0.999978  0.000007
0.183688  0.001722  0.122686  0.691904
0.123445  0.000008  0.080824  0.795723
0.021536  0.280232  0.000007  0.698225
0.383616  0.000007  0.504218  0.112159
0.174550  0.000007  0.825436  0.000007
0.040391  0.085884  0.000007  0.873717
0.000007  0.000007  0.000007  0.999978
0.578895  0.000007  0.216602  0.204496
0.000008  0.000008  0.999977  0.000008
0.000007  0.068370  0.037821  0.893802
0.000007  0.305958  0.000007  0.694027
0.000008  0.034886  0.000008  0.965099
0.000008  0.999977  0.000008  0.000008
0.000007  0.999978  0.000007  0.000007
0.000007  0.643668  0.000007  0.356318
0.000007  0.999979  0.000007  0.000007
0.000007  0.748759  0.000007  0.251227
0.000007  0.724963  0.000007  0.275023
0.000007  0.632133  0.000007  0.367852
0.000007  0.873865  0.000007  0.126120
0.000007  0.550299  0.000007  0.449686
0.000008  0.000008  0.000008  0.999977
0.000007  0.696478  0.000007  0.303507
0.000008  0.096532  0.000008  0.903453
0.000008  0.089638  0.000008  0.910347
0.000008  0.000008  0.000008  0.999977
0.000008  0.180986  0.216365  0.602641
0.000008  0.264552  0.000008  0.735433
0.000007  0.324590  0.067754  0.607648
0.000008  0.000008  0.128592  0.871392
0.000008  0.156012  0.114394  0.729586
0.000008  0.000008  0.000008  0.999976
0.000007  0.000007  0.000007  0.999978
0.000007  0.000007  0.000007  0.999978
0.000008  0.367167  0.056544  0.576282
0.052534  0.039374  0.055646  0.852445
0.000008  0.627624  0.000008  0.372361
0.000007  0.344338  0.000007  0.655648
0.000008  0.999975  0.000008  0.000008
0.000008  0.904956  0.024167  0.070869
0.000009  0.634630  0.000009  0.365352
0.000008  0.000008  0.000008  0.999976
0.000009  0.000009  0.999973  0.000009
0.000008  0.730178  0.269807  0.000008
0.000009  0.338811  0.492238  0.168942
0.000008  0.999976  0.000008  0.000008
0.000008  0.560755  0.023177  0.416061
0.000008  0.000008  0.000008  0.999977
0.000008  0.149312  0.000008  0.850671
0.000008  0.999977  0.000008  0.000008
0.000008  0.875476  0.000008  0.124509
0.000008  0.999977  0.000008  0.000008
0.000008  0.657878  0.000008  0.342106
0.000008  0.999977  0.000008  0.000008
0.000008  0.294985  0.000008  0.705000
0.364171  0.008152  0.020682  0.606995
0.000008  0.000728  0.000008  0.999256
0.000007  0.044884  0.000007  0.955101
0.000008  0.999977  0.000008  0.000008
0.310831  0.000008  0.484655  0.204506
0.607729  0.000007  0.164603  0.227661
0.595634  0.000008  0.160064  0.244294
0.000008  0.999977  0.000008  0.000008
0.020584  0.293546  0.000007  0.685863
0.105147  0.268624  0.626221  0.000008
0.000008  0.999977  0.000008  0.000008
0.000007  0.985163  0.000007  0.014822
0.000007  0.999978  0.000007  0.000007
0.000007  0.056994  0.000007  0.942991
0.000007  0.811661  0.000007  0.188324
0.000008  0.299104  0.000008  0.700879
0.000008  0.791180  0.000012  0.208800
0.000008  0.597289  0.000008  0.402695
0.000007  0.727239  0.000007  0.272746
0.000007  0.313213  0.000007  0.686772
0.000008  0.006369  0.993615  0.000008
0.000008  0.045728  0.107267  0.846998
0.999976  0.000008  0.000008  0.000008
0.957004  0.000008  0.042980  0.000008
0.999976  0.000008  0.000008  0.000008
0.976972  0.000008  0.023013  0.000008
0.000008  0.000008  0.000008  0.999977
0.000009  0.000009  0.000009  0.999972
0.000008  0.000008  0.000008  0.999975
0.000007  0.335014  0.525832  0.139147
0.000008  0.041516  0.000008  0.958467
0.999976  0.000008  0.000008  0.000008
0.999977  0.000008  0.000008  0.000008
0.788451  0.000009  0.156741  0.054800
0.966730  0.000008  0.033255  0.000008
0.993223  0.000008  0.006761  0.000008
0.769305  0.000008  0.132275  0.098413
0.999976  0.000008  0.000008  0.000008
0.769175  0.000008  0.165447  0.065370
0.710090  0.000008  0.174359  0.115543
0.758205  0.000008  0.130183  0.111605
0.999976  0.000008  0.000008  0.000008
0.999975  0.000008  0.000008  0.000008
0.999975  0.000008  0.000008  0.000008
0.999977  0.000008  0.000008  0.000008
0.999976  0.000008  0.000008  0.000008
0.999976  0.000008  0.000008  0.000008
0.999975  0.000008  0.000008  0.000008
0.999975  0.000008  0.000008  0.000008
0.999976  0.000008  0.000008  0.000008
0.573832  0.000008  0.426151  0.000008
0.000008  0.000008  0.999977  0.000008
0.999975  0.000008  0.000008  0.000008
0.569093  0.000007  0.365127  0.065773
0.999976  0.000008  0.000008  0.000008
0.720265  0.000008  0.160348  0.119380
0.999978  0.000007  0.000007  0.000007
0.999978  0.000007  0.000007  0.000007
0.999978  0.000007  0.000007  0.000007
0.999977  0.000008  0.000008  0.000008
0.560519  0.000008  0.368252  0.071220
0.832705  0.000008  0.136573  0.030714
0.876650  0.000007  0.083425  0.039917
0.985918  0.000008  0.014067  0.000008
0.847132  0.000008  0.137783  0.015078
0.844894  0.000009  0.069850  0.085247
0.829529  0.000007  0.137118  0.033346
0.999975  0.000008  0.000008  0.000008
0.838332  0.000010  0.161647  0.000010
0.839804  0.000010  0.160175  0.000010
0.999976  0.000008  0.000008  0.000008
0.999977  0.000008  0.000008  0.000008
0.999975  0.000008  0.000008  0.000008
